11525.250977	-8023.521973
1954.578491	-1363.908325
1066.330811	-745.831116
732.440918	-513.495422
557.372925	-391.673584
449.579926	-316.664124
376.533722	-265.832672
323.765656	-229.111511
283.861176	-201.341278
252.627670	-179.604614
227.516006	-162.127747
206.887100	-147.770157
189.639038	-135.765060
175.003693	-125.578003
162.429306	-116.825020
151.509201	-109.223145
141.937103	-102.559296
133.477997	-96.669876
125.948441	-91.427292
119.203224	-86.730499
113.125900	-82.498436
107.621971	-78.665375
102.613960	-75.177383
98.037773	-71.989883
93.839859	-69.065613
89.975220	-66.373245
86.405685	-63.886219
83.098709	-61.581902
80.026375	-59.440868
77.164574	-57.446320
74.492393	-55.583733
71.991600	-53.840412
69.646240	-52.205242
67.442261	-50.668461
65.367264	-49.221428
63.410259	-47.856503
61.561466	-46.566883
59.812164	-45.346497
58.154537	-44.189899
56.581558	-43.092228
55.086929	-42.049065
53.664936	-41.056450
52.310421	-40.110794
51.018692	-39.208839
49.785496	-38.347603
48.606941	-37.524403
47.479473	-36.736755
46.399860	-35.982410
45.365116	-35.259285
44.372505	-34.565491
43.419510	-33.899269
42.503807	-33.258999
41.623257	-32.643188
40.775879	-32.050468
39.959827	-31.479551
39.173416	-30.929256
38.415047	-30.398485
37.683250	-29.886211
36.976665	-29.391483
36.294010	-28.913412
35.634094	-28.451164
34.995804	-28.003967
34.378086	-27.571095
33.779972	-27.151869
33.200550	-26.745646
32.638947	-26.351835
32.094368	-25.969870
31.566050	-25.599224
31.053270	-25.239397
30.555363	-24.889919
30.071688	-24.550358
29.601650	-24.220280
29.144678	-23.899305
28.700239	-23.587051
28.267826	-23.283171
27.846956	-22.987326
27.437180	-22.699203
27.038061	-22.418507
26.649193	-22.144945
26.270189	-21.878248
25.900679	-21.618162
25.540310	-21.364443
25.188749	-21.116858
24.845680	-20.875183
24.510799	-20.639214
24.183817	-20.408743
23.864466	-20.183584
23.552471	-19.963552
23.247591	-19.748470
22.949583	-19.538179
22.658218	-19.332516
22.373281	-19.131325
22.094559	-18.934462
21.821854	-18.741793
21.554972	-18.553179
21.293734	-18.368492
21.037958	-18.187616
20.787481	-18.010429
20.542135	-17.836817
20.301769	-17.666674
20.066233	-17.499897
19.835384	-17.336384
19.609085	-17.176041
19.387201	-17.018774
19.169607	-16.864494
18.956179	-16.713121
18.746801	-16.564568
18.541359	-16.418758
18.339743	-16.275618
18.141850	-16.135065
17.947577	-15.997038
17.756824	-15.861465
17.569502	-15.728283
17.385515	-15.597426
17.204777	-15.468834
17.027206	-15.342448
16.852716	-15.218211
16.681231	-15.096069
16.512674	-14.975968
16.346972	-14.857856
16.184050	-14.741685
16.023844	-14.627403
15.866284	-14.514971
15.711307	-14.404337
15.558849	-14.295463
15.408852	-14.188301
15.261256	-14.082815
15.116004	-13.978965
14.973042	-13.876711
14.832316	-13.776017
14.693774	-13.676847
14.557368	-13.579166
14.423049	-13.482941
14.290768	-13.388138
14.160480	-13.294725
14.032143	-13.202673
13.905710	-13.111952
13.781143	-13.022532
13.658401	-12.934383
13.537443	-12.847481
13.418231	-12.761797
13.300728	-12.677307
13.184897	-12.593984
13.070707	-12.511805
12.958119	-12.430746
12.847103	-12.350782
12.737625	-12.271894
12.629654	-12.194056
12.523159	-12.117251
12.418112	-12.041456
12.314481	-11.966651
12.212242	-11.892815
12.111364	-11.819933
12.011823	-11.747982
11.913589	-11.676947
11.816641	-11.606808
11.720952	-11.537548
11.626498	-11.469152
11.533257	-11.401604
11.441203	-11.334886
11.350317	-11.268982
11.260576	-11.203879
11.171959	-11.139563
11.084446	-11.076015
10.998013	-11.013226
10.912644	-10.951180
10.828321	-10.889863
10.745022	-10.829264
10.662729	-10.769367
10.581427	-10.710163
10.501095	-10.651639
10.421719	-10.593781
10.343278	-10.536578
10.265759	-10.480021
10.189147	-10.424098
10.113425	-10.368797
10.038577	-10.314109
9.964591	-10.260021
9.891448	-10.206526
9.819138	-10.153611
9.747644	-10.101270
9.676955	-10.049491
9.607056	-9.998264
9.537935	-9.947583
9.469579	-9.897437
9.401975	-9.847818
9.335113	-9.798717
9.268978	-9.750127
9.203560	-9.702038
9.138847	-9.654444
9.074827	-9.607335
9.011493	-9.560705
8.948832	-9.514547
8.886830	-9.468852
8.825482	-9.423615
8.764775	-9.378827
8.704701	-9.334482
8.645250	-9.290573
8.586411	-9.247094
8.528175	-9.204038
8.470534	-9.161398
8.413479	-9.119171
8.357000	-9.077346
8.301091	-9.035921
8.245742	-8.994888
8.190944	-8.954243
8.136689	-8.913979
8.082972	-8.874090
8.029781	-8.834573
7.977112	-8.795421
7.924956	-8.756629
7.873306	-8.718191
7.822153	-8.680104
7.771493	-8.642362
7.721317	-8.604960
7.671618	-8.567893
7.622393	-8.531157
7.573630	-8.494748
7.525327	-8.458660
7.477475	-8.422891
7.430068	-8.387434
7.383102	-8.352286
7.336570	-8.317442
7.290465	-8.282900
7.244783	-8.248654
7.199517	-8.214702
7.154661	-8.181037
7.110212	-8.147658
7.066163	-8.114560
7.022509	-8.081739
6.979244	-8.049194
6.936364	-8.016919
6.893863	-7.984910
6.851737	-7.953165
6.809981	-7.921680
6.768591	-7.890452
6.727561	-7.859479
6.686887	-7.828755
6.646564	-7.798280
6.606588	-7.768048
6.566956	-7.738058
6.527661	-7.708306
6.488700	-7.678789
6.450071	-7.649504
6.411766	-7.620450
6.373784	-7.591621
6.336119	-7.563018
6.298769	-7.534635
6.261729	-7.506471
6.224996	-7.478523
6.188565	-7.450789
6.152433	-7.423266
6.116598	-7.395951
6.081054	-7.368842
6.045799	-7.341936
6.010829	-7.315232
5.976141	-7.288727
5.941732	-7.262418
5.907598	-7.236304
5.873736	-7.210381
5.840144	-7.184649
5.806817	-7.159104
5.773752	-7.133744
5.740948	-7.108568
5.708401	-7.083574
5.676106	-7.058759
5.644064	-7.034121
5.612269	-7.009658
5.580720	-6.985369
5.549414	-6.961251
5.518348	-6.937303
5.487518	-6.913522
5.456923	-6.889908
5.426561	-6.866457
5.396428	-6.843169
5.366521	-6.820042
5.336840	-6.797072
5.307380	-6.774261
5.278141	-6.751604
5.249117	-6.729101
5.220310	-6.706751
5.191714	-6.684550
5.163330	-6.662499
5.135152	-6.640595
5.107182	-6.618837
5.079414	-6.597223
5.051848	-6.575752
5.024483	-6.554422
4.997313	-6.533232
4.970340	-6.512180
4.943559	-6.491266
4.916970	-6.470486
4.890570	-6.449841
4.864357	-6.429329
4.838330	-6.408948
4.812486	-6.388698
4.786823	-6.368576
4.761341	-6.348582
4.736036	-6.328714
4.710908	-6.308971
4.685954	-6.289352
4.661172	-6.269855
4.636561	-6.250481
4.612120	-6.231225
4.587846	-6.212089
4.563738	-6.193071
4.539794	-6.174170
4.516013	-6.155383
4.492393	-6.136712
4.468933	-6.118153
4.445629	-6.099707
4.422482	-6.081372
4.399491	-6.063148
4.376652	-6.045031
4.353965	-6.027024
4.331429	-6.009123
4.309042	-5.991328
4.286802	-5.973638
4.264708	-5.956052
4.242759	-5.938570
4.220953	-5.921188
4.199290	-5.903909
4.177767	-5.886730
4.156384	-5.869650
4.135138	-5.852668
4.114029	-5.835783
4.093056	-5.818996
4.072217	-5.802304
4.051512	-5.785707
4.030937	-5.769204
4.010493	-5.752794
3.990180	-5.736477
3.969994	-5.720251
3.949935	-5.704115
3.930002	-5.688070
3.910193	-5.672113
3.890509	-5.656245
3.870947	-5.640464
3.851506	-5.624770
3.832186	-5.609162
3.812985	-5.593639
3.793902	-5.578200
3.774936	-5.562846
3.756087	-5.547574
3.737352	-5.532385
3.718732	-5.517277
3.700224	-5.502250
3.681829	-5.487304
3.663545	-5.472436
3.645371	-5.457648
3.627307	-5.442937
3.609351	-5.428305
3.591501	-5.413749
3.573759	-5.399270
3.556121	-5.384866
3.538589	-5.370537
3.521161	-5.356282
3.503834	-5.342101
3.486610	-5.327993
3.469487	-5.313957
3.452464	-5.299994
3.435541	-5.286101
3.418717	-5.272280
3.401990	-5.258528
3.385360	-5.244846
3.368826	-5.231233
3.352387	-5.217689
3.336043	-5.204212
3.319793	-5.190802
3.303636	-5.177460
3.287571	-5.164184
3.271597	-5.150973
3.255715	-5.137828
3.239922	-5.124747
3.224219	-5.111731
3.208603	-5.098777
3.193076	-5.085888
3.177636	-5.073061
3.162282	-5.060296
3.147015	-5.047593
3.131832	-5.034951
3.116734	-5.022369
3.101719	-5.009849
3.086787	-4.997387
3.071938	-4.984986
3.057170	-4.972643
3.042484	-4.960358
3.027878	-4.948132
3.013351	-4.935963
2.998904	-4.923851
2.984536	-4.911795
2.970245	-4.899796
2.956032	-4.887853
2.941895	-4.875965
2.927835	-4.864132
2.913851	-4.852354
2.899941	-4.840630
2.886106	-4.828959
2.872344	-4.817342
2.858657	-4.805778
2.845041	-4.794266
2.831498	-4.782807
2.818027	-4.771399
2.804626	-4.760043
2.791296	-4.748738
2.778037	-4.737484
2.764847	-4.726279
2.751725	-4.715125
2.738672	-4.704020
2.725688	-4.692964
2.712770	-4.681957
2.699920	-4.671000
2.687136	-4.660089
2.674418	-4.649227
2.661766	-4.638412
2.649179	-4.627644
2.636656	-4.616924
2.624197	-4.606249
2.611802	-4.595620
2.599470	-4.585038
2.587201	-4.574501
2.574994	-4.564009
2.562849	-4.553562
2.550765	-4.543159
2.538742	-4.532801
2.526779	-4.522487
2.514877	-4.512216
2.503034	-4.501988
2.491250	-4.491803
2.479526	-4.481662
2.467859	-4.471562
2.456250	-4.461505
2.444699	-4.451489
2.433205	-4.441515
2.421768	-4.431582
2.410387	-4.421691
2.399061	-4.411840
2.387792	-4.402030
2.376578	-4.392259
2.365418	-4.382529
2.354313	-4.372838
2.343262	-4.363186
2.332264	-4.353574
2.321320	-4.344000
2.310429	-4.334465
2.299590	-4.324968
2.288803	-4.315510
2.278068	-4.306089
2.267385	-4.296706
2.256753	-4.287360
2.246171	-4.278050
2.235640	-4.268778
2.225159	-4.259543
2.214728	-4.250344
2.204347	-4.241181
2.194014	-4.232054
2.183730	-4.222962
2.173495	-4.213906
2.163307	-4.204885
2.153168	-4.195899
2.143076	-4.186948
2.133031	-4.178031
2.123033	-4.169149
2.113082	-4.160300
2.103177	-4.151486
2.093317	-4.142705
2.083504	-4.133958
2.073735	-4.125244
2.064012	-4.116562
2.054333	-4.107914
2.044699	-4.099298
2.035110	-4.090714
2.025564	-4.082163
2.016061	-4.073644
2.006602	-4.065156
1.997186	-4.056701
1.987813	-4.048276
1.978482	-4.039883
1.969193	-4.031520
1.959947	-4.023190
1.950742	-4.014888
1.941579	-4.006618
1.932456	-3.998378
1.923375	-3.990168
1.914334	-3.981988
1.905333	-3.973837
1.896373	-3.965716
1.887453	-3.957624
1.878572	-3.949562
1.869730	-3.941529
1.860928	-3.933524
1.852165	-3.925548
1.843440	-3.917600
1.834754	-3.909681
1.826105	-3.901790
1.817495	-3.893927
1.808923	-3.886091
1.800387	-3.878284
1.791890	-3.870504
1.783429	-3.862751
1.775005	-3.855025
1.766617	-3.847326
1.758266	-3.839654
1.749951	-3.832009
1.741672	-3.824390
1.733428	-3.816798
1.725220	-3.809232
1.717047	-3.801691
1.708910	-3.794177
1.700807	-3.786689
1.692739	-3.779226
1.684705	-3.771789
1.676705	-3.764376
1.668739	-3.756989
1.660807	-3.749627
1.652909	-3.742290
1.645044	-3.734978
1.637213	-3.727690
1.629414	-3.720427
1.621648	-3.713188
1.613915	-3.705973
1.606214	-3.698783
1.598545	-3.691616
1.590909	-3.684473
1.583304	-3.677354
1.575731	-3.670258
1.568189	-3.663185
1.560679	-3.656136
1.553200	-3.649110
1.545751	-3.642106
1.538334	-3.635126
1.530947	-3.628168
1.523591	-3.621233
1.516264	-3.614321
1.508968	-3.607431
1.501702	-3.600563
1.494465	-3.593717
1.487259	-3.586894
1.480081	-3.580091
1.472932	-3.573311
1.465813	-3.566553
1.458722	-3.559816
1.451661	-3.553100
1.444627	-3.546406
1.437623	-3.539733
1.430646	-3.533081
1.423698	-3.526449
1.416777	-3.519839
1.409884	-3.513249
1.403019	-3.506680
1.396181	-3.500132
1.389371	-3.493603
1.382587	-3.487095
1.375831	-3.480608
1.369101	-3.474140
1.362399	-3.467692
1.355722	-3.461265
1.349072	-3.454856
1.342449	-3.448468
1.335851	-3.442099
1.329280	-3.435750
1.322734	-3.429419
1.316214	-3.423108
1.309720	-3.416817
1.303251	-3.410544
1.296807	-3.404290
1.290388	-3.398055
1.283995	-3.391839
1.277626	-3.385641
1.271282	-3.379462
1.264963	-3.373301
1.258668	-3.367159
1.252397	-3.361035
1.246151	-3.354929
1.239928	-3.348841
1.233730	-3.342772
1.227555	-3.336719
1.221404	-3.330686
1.215277	-3.324669
1.209173	-3.318670
1.203093	-3.312689
1.197035	-3.306725
1.191001	-3.300778
1.184989	-3.294849
1.179001	-3.288937
1.173035	-3.283042
1.167092	-3.277164
1.161171	-3.271303
1.155272	-3.265459
1.149396	-3.259631
1.143542	-3.253821
1.137710	-3.248026
1.131900	-3.242249
1.126111	-3.236487
1.120345	-3.230742
1.114599	-3.225013
1.108876	-3.219301
1.103173	-3.213605
1.097492	-3.207924
1.091832	-3.202260
1.086193	-3.196611
1.080575	-3.190978
1.074977	-3.185361
1.069400	-3.179760
1.063844	-3.174174
1.058308	-3.168603
1.052793	-3.163048
1.047298	-3.157508
1.041823	-3.151984
1.036368	-3.146474
1.030933	-3.140980
1.025518	-3.135501
1.020123	-3.130037
1.014747	-3.124588
1.009391	-3.119153
1.004055	-3.113734
0.998737	-3.108329
0.993439	-3.102938
0.988161	-3.097562
0.982901	-3.092201
0.977660	-3.086854
0.972438	-3.081521
0.967235	-3.076203
0.962051	-3.070898
0.956885	-3.065608
0.951738	-3.060332
0.946609	-3.055070
0.941499	-3.049822
0.936406	-3.044588
0.931332	-3.039367
0.926276	-3.034161
0.921238	-3.028968
0.916218	-3.023788
0.911216	-3.018622
0.906231	-3.013470
0.901264	-3.008331
0.896315	-3.003206
0.891383	-2.998093
0.886468	-2.992994
0.881571	-2.987909
0.876691	-2.982836
0.871828	-2.977776
0.866982	-2.972729
0.862153	-2.967696
0.857341	-2.962675
0.852545	-2.957667
0.847767	-2.952672
0.843005	-2.947689
0.838260	-2.942719
0.833531	-2.937762
0.828818	-2.932817
0.824122	-2.927885
0.819442	-2.922965
0.814778	-2.918057
0.810131	-2.913162
0.805499	-2.908279
0.800884	-2.903409
0.796284	-2.898550
0.791700	-2.893703
0.787131	-2.888869
0.782579	-2.884046
0.778042	-2.879236
0.773520	-2.874437
0.769014	-2.869650
0.764523	-2.864875
0.760048	-2.860112
0.755588	-2.855360
0.751143	-2.850620
0.746713	-2.845892
0.742298	-2.841175
0.737898	-2.836469
0.733512	-2.831775
0.729142	-2.827092
0.724786	-2.822421
0.720445	-2.817760
0.716119	-2.813112
0.711807	-2.808474
0.707509	-2.803847
0.703226	-2.799232
0.698958	-2.794627
0.694703	-2.790034
0.690463	-2.785451
0.686237	-2.780879
0.682025	-2.776318
0.677827	-2.771768
0.673643	-2.767228
0.669473	-2.762700
0.665316	-2.758182
0.661174	-2.753675
0.657045	-2.749177
0.652930	-2.744691
0.648828	-2.740215
0.644740	-2.735750
0.640665	-2.731294
0.636604	-2.726850
0.632556	-2.722415
0.628521	-2.717991
0.624500	-2.713577
0.620492	-2.709173
0.616497	-2.704780
0.612514	-2.700396
0.608545	-2.696023
0.604589	-2.691658
0.600646	-2.687305
0.596715	-2.682961
0.592797	-2.678627
0.588892	-2.674304
0.585000	-2.669989
0.581120	-2.665685
0.577253	-2.661390
0.573398	-2.657105
0.569556	-2.652829
0.565726	-2.648563
0.561908	-2.644307
0.558103	-2.640060
0.554309	-2.635823
0.550528	-2.631595
0.546759	-2.627376
0.543003	-2.623167
0.539258	-2.618967
0.535525	-2.614776
0.531804	-2.610595
0.528095	-2.606423
0.524397	-2.602260
0.520712	-2.598106
0.517038	-2.593961
0.513376	-2.589825
0.509725	-2.585699
0.506086	-2.581581
0.502458	-2.577472
0.498842	-2.573372
0.495237	-2.569281
0.491644	-2.565199
0.488062	-2.561126
0.484491	-2.557061
0.480932	-2.553005
0.477383	-2.548958
0.473846	-2.544920
0.470320	-2.540890
0.466805	-2.536869
0.463300	-2.532856
0.459807	-2.528852
0.456325	-2.524856
0.452853	-2.520869
0.449392	-2.516890
0.445942	-2.512919
0.442503	-2.508957
0.439075	-2.505004
0.435657	-2.501058
0.432249	-2.497121
0.428852	-2.493192
0.425466	-2.489271
0.422090	-2.485359
0.418725	-2.481454
0.415370	-2.477558
0.412025	-2.473670
0.408690	-2.469790
0.405366	-2.465917
0.402052	-2.462053
0.398748	-2.458196
0.395454	-2.454348
0.392170	-2.450507
0.388896	-2.446675
0.385632	-2.442850
0.382379	-2.439033
0.379135	-2.435223
0.375901	-2.431422
0.372676	-2.427628
0.369462	-2.423842
0.366257	-2.420063
0.363062	-2.416292
0.359877	-2.412529
0.356701	-2.408773
0.353535	-2.405025
0.350378	-2.401284
0.347231	-2.397551
0.344094	-2.393825
0.340966	-2.390106
0.337847	-2.386395
0.334738	-2.382691
0.331638	-2.378995
0.328547	-2.375306
0.325466	-2.371624
0.322393	-2.367949
0.319330	-2.364282
0.316276	-2.360622
0.313231	-2.356969
0.310196	-2.353323
0.307169	-2.349684
0.304151	-2.346053
0.301143	-2.342428
0.298143	-2.338811
0.295152	-2.335200
0.292170	-2.331596
0.289197	-2.328000
0.286232	-2.324410
0.283276	-2.320827
0.280330	-2.317251
0.277391	-2.313682
0.274462	-2.310120
0.271541	-2.306565
0.268628	-2.303016
0.265725	-2.299474
0.262829	-2.295939
0.259942	-2.292411
0.257064	-2.288889
0.254194	-2.285374
0.251333	-2.281865
0.248479	-2.278363
0.245635	-2.274868
0.242798	-2.271379
0.239970	-2.267897
0.237150	-2.264421
0.234338	-2.260952
0.231534	-2.257489
0.228739	-2.254033
0.225951	-2.250583
0.223172	-2.247139
0.220401	-2.243702
0.217637	-2.240271
0.214882	-2.236847
0.212135	-2.233429
0.209395	-2.230017
0.206664	-2.226611
0.203940	-2.223212
0.201224	-2.219819
0.198516	-2.216432
0.195816	-2.213051
0.193124	-2.209676
0.190439	-2.206307
0.187762	-2.202945
0.185093	-2.199589
0.182431	-2.196238
0.179777	-2.192894
0.177130	-2.189556
0.174491	-2.186224
0.171860	-2.182897
0.169236	-2.179577
0.166619	-2.176262
0.164010	-2.172954
0.161408	-2.169651
0.158814	-2.166354
0.156227	-2.163063
0.153647	-2.159778
0.151075	-2.156499
0.148510	-2.153225
0.145952	-2.149958
0.143402	-2.146696
0.140859	-2.143440
0.138322	-2.140189
0.135793	-2.136944
0.133272	-2.133705
0.130757	-2.130471
0.128249	-2.127243
0.125748	-2.124021
0.123255	-2.120804
0.120768	-2.117593
0.118288	-2.114387
0.115815	-2.111187
0.113349	-2.107993
0.110890	-2.104804
0.108438	-2.101620
0.105993	-2.098442
0.103555	-2.095269
0.101123	-2.092102
0.098698	-2.088940
0.096280	-2.085783
0.093869	-2.082632
0.091464	-2.079486
0.089066	-2.076346
0.086674	-2.073210
0.084290	-2.070081
0.081911	-2.066956
0.079540	-2.063836
0.077175	-2.060722
0.074816	-2.057613
0.072464	-2.054510
0.070119	-2.051411
0.067780	-2.048318
0.065447	-2.045229
0.063121	-2.042146
0.060801	-2.039068
0.058487	-2.035995
0.056180	-2.032928
0.053880	-2.029865
0.051585	-2.026807
0.049297	-2.023754
0.047015	-2.020707
0.044739	-2.017664
0.042470	-2.014626
0.040207	-2.011594
0.037949	-2.008566
0.035699	-2.005543
0.033454	-2.002525
0.031215	-1.999512
0.028982	-1.996503
0.026756	-1.993500
0.024535	-1.990502
0.022321	-1.987508
0.020112	-1.984519
0.017910	-1.981535
0.015714	-1.978556
0.013523	-1.975581
0.011338	-1.972611
0.009160	-1.969646
0.006987	-1.966686
0.004820	-1.963730
0.002659	-1.960780
0.000503	-1.957833
-0.001646	-1.954892
-0.003790	-1.951955
-0.005928	-1.949022
-0.008060	-1.946095
-0.010187	-1.943172
-0.012307	-1.940253
-0.014423	-1.937339
-0.016532	-1.934430
-0.018636	-1.931525
-0.020734	-1.928624
-0.022826	-1.925728
-0.024913	-1.922837
-0.026995	-1.919950
-0.029071	-1.917068
-0.031141	-1.914190
-0.033206	-1.911316
-0.035265	-1.908447
-0.037319	-1.905583
-0.039367	-1.902722
-0.041410	-1.899866
-0.043447	-1.897015
-0.045480	-1.894167
-0.047506	-1.891325
-0.049527	-1.888486
-0.051543	-1.885652
-0.053554	-1.882822
-0.055559	-1.879996
-0.057559	-1.877175
-0.059554	-1.874357
-0.061543	-1.871545
-0.063528	-1.868736
-0.065507	-1.865932
-0.067480	-1.863131
-0.069449	-1.860335
-0.071412	-1.857543
-0.073370	-1.854755
-0.075323	-1.851972
-0.077271	-1.849192
-0.079214	-1.846417
-0.081152	-1.843646
-0.083084	-1.840878
-0.085012	-1.838115
-0.086935	-1.835356
-0.088852	-1.832601
-0.090765	-1.829851
-0.092672	-1.827104
-0.094574	-1.824361
-0.096472	-1.821622
-0.098365	-1.818887
-0.100252	-1.816156
-0.102135	-1.813429
-0.104013	-1.810706
-0.105886	-1.807987
-0.107754	-1.805272
-0.109617	-1.802561
-0.111475	-1.799854
-0.113329	-1.797150
-0.115178	-1.794451
-0.117021	-1.791755
-0.118861	-1.789063
-0.120695	-1.786375
-0.122525	-1.783691
-0.124350	-1.781011
-0.126170	-1.778334
-0.127985	-1.775662
-0.129796	-1.772993
-0.131602	-1.770328
-0.133404	-1.767666
-0.135201	-1.765009
-0.136993	-1.762355
-0.138780	-1.759705
-0.140563	-1.757058
-0.142342	-1.754416
-0.144115	-1.751777
-0.145885	-1.749141
-0.147649	-1.746510
-0.149410	-1.743882
-0.151165	-1.741257
-0.152916	-1.738636
-0.154663	-1.736019
-0.156405	-1.733406
-0.158143	-1.730796
-0.159876	-1.728190
-0.161605	-1.725587
-0.163330	-1.722988
-0.165050	-1.720392
-0.166765	-1.717800
-0.168477	-1.715212
-0.170184	-1.712627
-0.171886	-1.710045
-0.173584	-1.707467
-0.175278	-1.704893
-0.176968	-1.702322
-0.178653	-1.699754
-0.180334	-1.697191
-0.182011	-1.694630
-0.183684	-1.692073
-0.185352	-1.689519
-0.187016	-1.686969
-0.188676	-1.684422
-0.190331	-1.681879
-0.191983	-1.679339
-0.193630	-1.676802
-0.195273	-1.674268
-0.196912	-1.671739
-0.198547	-1.669212
-0.200177	-1.666689
-0.201804	-1.664169
-0.203426	-1.661652
-0.205044	-1.659139
-0.206659	-1.656629
-0.208269	-1.654122
-0.209875	-1.651619
-0.211477	-1.649119
-0.213075	-1.646622
-0.214669	-1.644128
-0.216259	-1.641638
-0.217845	-1.639151
-0.219427	-1.636667
-0.221005	-1.634186
-0.222579	-1.631709
-0.224149	-1.629234
-0.225716	-1.626763
-0.227278	-1.624295
-0.228836	-1.621830
-0.230391	-1.619368
-0.231941	-1.616910
-0.233488	-1.614455
-0.235031	-1.612002
-0.236570	-1.609553
-0.238105	-1.607107
-0.239636	-1.604665
-0.241164	-1.602225
-0.242687	-1.599788
-0.244207	-1.597354
-0.245723	-1.594924
-0.247236	-1.592496
-0.248744	-1.590072
-0.250249	-1.587650
-0.251750	-1.585232
-0.253247	-1.582816
-0.254741	-1.580404
-0.256231	-1.577995
-0.257717	-1.575589
-0.259199	-1.573185
-0.260678	-1.570785
-0.262153	-1.568387
-0.263625	-1.565993
-0.265092	-1.563601
-0.266557	-1.561213
-0.268017	-1.558827
-0.269474	-1.556444
-0.270927	-1.554065
-0.272377	-1.551687
-0.273823	-1.549313
-0.275266	-1.546942
-0.276705	-1.544574
-0.278140	-1.542209
-0.279572	-1.539846
-0.281001	-1.537487
-0.282425	-1.535130
-0.283847	-1.532776
-0.285265	-1.530425
-0.286679	-1.528077
-0.288090	-1.525731
-0.289497	-1.523388
-0.290901	-1.521049
-0.292302	-1.518712
-0.293699	-1.516377
-0.295092	-1.514046
-0.296482	-1.511717
-0.297869	-1.509391
-0.299252	-1.507068
-0.300632	-1.504747
-0.302009	-1.502429
-0.303382	-1.500115
-0.304752	-1.497802
-0.306118	-1.495493
-0.307481	-1.493186
-0.308841	-1.490882
-0.310198	-1.488580
-0.311551	-1.486281
-0.312900	-1.483985
-0.314247	-1.481692
-0.315590	-1.479401
-0.316930	-1.477113
-0.318267	-1.474827
-0.319600	-1.472544
-0.320930	-1.470264
-0.322257	-1.467987
-0.323580	-1.465712
-0.324901	-1.463439
-0.326218	-1.461169
-0.327532	-1.458902
-0.328843	-1.456638
-0.330150	-1.454376
-0.331455	-1.452116
-0.332756	-1.449859
-0.334054	-1.447605
-0.335349	-1.445353
-0.336640	-1.443104
-0.337929	-1.440857
-0.339214	-1.438613
-0.340497	-1.436371
-0.341776	-1.434132
-0.343052	-1.431896
-0.344325	-1.429662
-0.345595	-1.427430
-0.346861	-1.425201
-0.348125	-1.422974
-0.349386	-1.420750
-0.350643	-1.418528
-0.351898	-1.416309
-0.353149	-1.414092
-0.354398	-1.411878
-0.355643	-1.409666
-0.356886	-1.407456
-0.358125	-1.405249
-0.359361	-1.403044
-0.360595	-1.400842
-0.361825	-1.398642
-0.363052	-1.396445
-0.364277	-1.394250
-0.365498	-1.392057
-0.366717	-1.389866
-0.367933	-1.387678
-0.369145	-1.385493
-0.370355	-1.383310
-0.371562	-1.381129
-0.372766	-1.378950
-0.373967	-1.376774
-0.375165	-1.374600
-0.376360	-1.372429
-0.377552	-1.370259
-0.378741	-1.368092
-0.379928	-1.365928
-0.381112	-1.363765
-0.382292	-1.361605
-0.383470	-1.359448
-0.384646	-1.357292
-0.385818	-1.355139
-0.386987	-1.352988
-0.388154	-1.350839
-0.389318	-1.348693
-0.390479	-1.346549
-0.391637	-1.344407
-0.392792	-1.342267
-0.393945	-1.340130
-0.395095	-1.337994
-0.396242	-1.335861
-0.397387	-1.333731
-0.398528	-1.331602
-0.399667	-1.329476
-0.400803	-1.327351
-0.401936	-1.325229
-0.403067	-1.323109
-0.404195	-1.320992
-0.405320	-1.318876
-0.406443	-1.316763
-0.407563	-1.314652
-0.408680	-1.312543
-0.409794	-1.310436
-0.410906	-1.308331
-0.412015	-1.306229
-0.413122	-1.304128
-0.414225	-1.302030
-0.415327	-1.299933
-0.416425	-1.297839
-0.417521	-1.295747
-0.418614	-1.293657
-0.419705	-1.291569
-0.420793	-1.289484
-0.421878	-1.287400
-0.422961	-1.285318
-0.424041	-1.283239
-0.425119	-1.281161
-0.426194	-1.279086
-0.427266	-1.277012
-0.428336	-1.274941
-0.429403	-1.272872
-0.430468	-1.270805
-0.431530	-1.268739
-0.432590	-1.266676
-0.433647	-1.264615
-0.434701	-1.262556
-0.435753	-1.260499
-0.436803	-1.258444
-0.437850	-1.256391
-0.438894	-1.254340
-0.439936	-1.252290
-0.440976	-1.250243
-0.442013	-1.248198
-0.443047	-1.246155
-0.444079	-1.244113
-0.445109	-1.242074
-0.446136	-1.240037
-0.447160	-1.238001
-0.448183	-1.235968
-0.449202	-1.233936
-0.450220	-1.231907
-0.451234	-1.229879
-0.452247	-1.227853
-0.453257	-1.225829
-0.454264	-1.223808
-0.455270	-1.221788
-0.456272	-1.219770
-0.457273	-1.217753
-0.458271	-1.215739
-0.459266	-1.213727
-0.460259	-1.211716
-0.461250	-1.209707
-0.462239	-1.207701
-0.463225	-1.205696
-0.464208	-1.203693
-0.465190	-1.201692
-0.466169	-1.199692
-0.467146	-1.197695
-0.468120	-1.195699
-0.469092	-1.193705
-0.470062	-1.191713
-0.471029	-1.189723
-0.471994	-1.187735
-0.472957	-1.185748
-0.473917	-1.183764
-0.474875	-1.181781
-0.475831	-1.179799
-0.476785	-1.177820
-0.477736	-1.175843
-0.478685	-1.173867
-0.479631	-1.171893
-0.480576	-1.169921
-0.481518	-1.167950
-0.482458	-1.165982
-0.483396	-1.164015
-0.484331	-1.162050
-0.485264	-1.160086
-0.486195	-1.158125
-0.487124	-1.156165
-0.488050	-1.154207
-0.488975	-1.152250
-0.489897	-1.150296
-0.490817	-1.148343
-0.491734	-1.146392
-0.492650	-1.144442
-0.493563	-1.142494
-0.494474	-1.140548
-0.495383	-1.138604
-0.496290	-1.136661
-0.497194	-1.134720
-0.498096	-1.132781
-0.498997	-1.130843
-0.499895	-1.128908
-0.500791	-1.126973
-0.501684	-1.125041
-0.502576	-1.123110
-0.503465	-1.121181
-0.504353	-1.119253
-0.505238	-1.117327
-0.506121	-1.115403
-0.507002	-1.113480
-0.507881	-1.111559
-0.508757	-1.109640
-0.509632	-1.107722
-0.510504	-1.105806
-0.511375	-1.103891
-0.512243	-1.101979
-0.513109	-1.100067
-0.513973	-1.098158
-0.514835	-1.096250
-0.515695	-1.094343
-0.516553	-1.092439
-0.517409	-1.090535
-0.518263	-1.088634
-0.519115	-1.086734
-0.519965	-1.084835
-0.520812	-1.082938
-0.521658	-1.081043
-0.522501	-1.079149
-0.523343	-1.077257
-0.524182	-1.075366
-0.525020	-1.073477
-0.525855	-1.071590
-0.526689	-1.069704
-0.527520	-1.067819
-0.528350	-1.065936
-0.529177	-1.064055
-0.530003	-1.062175
-0.530826	-1.060297
-0.531647	-1.058420
-0.532467	-1.056545
-0.533284	-1.054671
-0.534100	-1.052799
-0.534913	-1.050928
-0.535725	-1.049059
-0.536535	-1.047191
-0.537342	-1.045325
-0.538148	-1.043460
-0.538952	-1.041597
-0.539754	-1.039735
-0.540554	-1.037874
-0.541351	-1.036015
-0.542148	-1.034158
-0.542942	-1.032302
-0.543734	-1.030448
-0.544524	-1.028595
-0.545312	-1.026743
-0.546099	-1.024893
-0.546883	-1.023044
-0.547666	-1.021197
-0.548446	-1.019351
-0.549225	-1.017507
-0.550002	-1.015664
-0.550777	-1.013823
-0.551550	-1.011983
-0.552322	-1.010144
-0.553091	-1.008307
-0.553859	-1.006471
-0.554624	-1.004637
-0.555388	-1.002804
-0.556150	-1.000972
-0.556910	-0.999142
-0.557668	-0.997313
-0.558425	-0.995486
-0.559179	-0.993660
-0.559932	-0.991835
-0.560683	-0.990012
-0.561432	-0.988190
-0.562179	-0.986369
-0.562924	-0.984550
-0.563668	-0.982732
-0.564409	-0.980916
-0.565149	-0.979101
-0.565887	-0.977287
-0.566624	-0.975475
-0.567358	-0.973664
-0.568091	-0.971854
-0.568822	-0.970046
-0.569551	-0.968238
-0.570278	-0.966433
-0.571004	-0.964628
-0.571728	-0.962825
-0.572450	-0.961024
-0.573170	-0.959223
-0.573888	-0.957424
-0.574605	-0.955626
-0.575320	-0.953830
-0.576033	-0.952035
-0.576744	-0.950241
-0.577454	-0.948448
-0.578162	-0.946657
-0.578868	-0.944867
-0.579572	-0.943078
-0.580275	-0.941291
-0.580976	-0.939505
-0.581675	-0.937720
-0.582372	-0.935936
-0.583068	-0.934154
-0.583762	-0.932373
-0.584455	-0.930593
-0.585145	-0.928814
-0.585834	-0.927037
-0.586521	-0.925261
-0.587207	-0.923486
-0.587890	-0.921713
-0.588572	-0.919940
-0.589253	-0.918169
-0.589931	-0.916399
-0.590608	-0.914631
-0.591284	-0.912863
-0.591957	-0.911097
-0.592629	-0.909332
-0.593300	-0.907569
-0.593968	-0.905806
-0.594635	-0.904045
-0.595300	-0.902285
-0.595964	-0.900526
-0.596626	-0.898768
-0.597286	-0.897012
-0.597945	-0.895256
-0.598602	-0.893502
-0.599257	-0.891749
-0.599911	-0.889997
-0.600563	-0.888247
-0.601214	-0.886498
-0.601862	-0.884749
-0.602510	-0.883002
-0.603155	-0.881256
-0.603799	-0.879512
-0.604441	-0.877768
-0.605082	-0.876026
-0.605721	-0.874285
-0.606359	-0.872545
-0.606995	-0.870806
-0.607629	-0.869068
-0.608261	-0.867331
-0.608893	-0.865596
-0.609522	-0.863861
-0.610150	-0.862128
-0.610776	-0.860396
-0.611401	-0.858665
-0.612024	-0.856935
-0.612646	-0.855207
-0.613265	-0.853479
-0.613884	-0.851753
-0.614501	-0.850027
-0.615116	-0.848303
-0.615730	-0.846580
-0.616342	-0.844858
-0.616952	-0.843137
-0.617561	-0.841417
-0.618169	-0.839698
-0.618774	-0.837980
-0.619379	-0.836264
-0.619982	-0.834548
-0.620583	-0.832834
-0.621183	-0.831121
-0.621781	-0.829408
-0.622377	-0.827697
-0.622972	-0.825987
-0.623566	-0.824278
-0.624158	-0.822570
-0.624749	-0.820863
-0.625338	-0.819157
-0.625925	-0.817452
-0.626511	-0.815749
-0.627096	-0.814046
-0.627678	-0.812344
-0.628260	-0.810644
-0.628840	-0.808944
-0.629418	-0.807246
-0.629995	-0.805548
-0.630571	-0.803852
-0.631145	-0.802156
-0.631717	-0.800462
-0.632288	-0.798769
-0.632857	-0.797076
-0.633425	-0.795385
-0.633992	-0.793694
-0.634557	-0.792005
-0.635120	-0.790317
-0.635683	-0.788630
-0.636243	-0.786943
-0.636802	-0.785258
-0.637360	-0.783574
-0.637916	-0.781890
-0.638471	-0.780208
-0.639024	-0.778527
-0.639576	-0.776846
-0.640127	-0.775167
-0.640675	-0.773489
-0.641223	-0.771811
-0.641769	-0.770135
-0.642314	-0.768460
-0.642857	-0.766785
-0.643399	-0.765112
-0.643939	-0.763439
-0.644478	-0.761767
-0.645015	-0.760097
-0.645551	-0.758427
-0.646086	-0.756758
-0.646619	-0.755091
-0.647151	-0.753424
-0.647681	-0.751758
-0.648210	-0.750093
-0.648737	-0.748429
-0.649263	-0.746766
-0.649788	-0.745104
-0.650311	-0.743443
-0.650833	-0.741783
-0.651354	-0.740123
-0.651873	-0.738465
-0.652390	-0.736807
-0.652907	-0.735151
-0.653421	-0.733495
-0.653935	-0.731841
-0.654447	-0.730187
-0.654958	-0.728534
-0.655467	-0.726882
-0.655975	-0.725231
-0.656482	-0.723581
-0.656987	-0.721931
-0.657491	-0.720283
-0.657993	-0.718635
-0.658494	-0.716989
-0.658994	-0.715343
-0.659492	-0.713698
-0.659989	-0.712054
-0.660485	-0.710411
-0.660979	-0.708769
-0.661472	-0.707128
-0.661964	-0.705487
-0.662454	-0.703848
-0.662942	-0.702209
-0.663430	-0.700571
-0.663916	-0.698934
-0.664401	-0.697298
-0.664884	-0.695663
-0.665367	-0.694029
-0.665847	-0.692395
-0.666327	-0.690762
-0.666805	-0.689130
-0.667282	-0.687499
-0.667757	-0.685869
-0.668231	-0.684240
-0.668704	-0.682611
-0.669176	-0.680984
-0.669646	-0.679357
-0.670115	-0.677731
-0.670582	-0.676106
-0.671048	-0.674482
-0.671513	-0.672858
-0.671977	-0.671235
-0.672439	-0.669613
-0.672900	-0.667992
-0.673360	-0.666372
-0.673818	-0.664753
-0.674275	-0.663134
-0.674731	-0.661516
-0.675186	-0.659899
-0.675639	-0.658283
-0.676091	-0.656668
-0.676541	-0.655053
-0.676991	-0.653439
-0.677439	-0.651826
-0.677885	-0.650214
-0.678331	-0.648603
-0.678775	-0.646992
-0.679218	-0.645382
-0.679660	-0.643773
-0.680100	-0.642165
-0.680539	-0.640557
-0.680977	-0.638950
-0.681413	-0.637344
-0.681849	-0.635739
-0.682283	-0.634134
-0.682715	-0.632531
-0.683147	-0.630928
-0.683577	-0.629326
-0.684006	-0.627724
-0.684434	-0.626123
-0.684860	-0.624523
-0.685285	-0.622924
-0.685709	-0.621326
-0.686132	-0.619728
-0.686554	-0.618131
-0.686974	-0.616535
-0.687393	-0.614940
-0.687810	-0.613345
-0.688227	-0.611751
-0.688642	-0.610157
-0.689056	-0.608565
-0.689469	-0.606973
-0.689880	-0.605382
-0.690291	-0.603792
-0.690700	-0.602202
-0.691108	-0.600613
-0.691514	-0.599025
-0.691920	-0.597437
-0.692324	-0.595851
-0.692727	-0.594264
-0.693129	-0.592679
-0.693529	-0.591094
-0.693929	-0.589510
-0.694327	-0.587927
-0.694723	-0.586344
-0.695119	-0.584763
-0.695514	-0.583181
-0.695907	-0.581601
-0.696299	-0.580021
-0.696690	-0.578442
-0.697079	-0.576863
-0.697468	-0.575286
-0.697855	-0.573709
-0.698241	-0.572132
-0.698626	-0.570556
-0.699009	-0.568981
-0.699392	-0.567407
-0.699773	-0.565833
-0.700153	-0.564260
-0.700532	-0.562688
-0.700910	-0.561116
-0.701286	-0.559545
-0.701662	-0.557975
-0.702036	-0.556405
-0.702409	-0.554836
-0.702781	-0.553267
-0.703151	-0.551699
-0.703521	-0.550132
-0.703889	-0.548566
-0.704256	-0.547000
-0.704622	-0.545435
-0.704987	-0.543870
-0.705350	-0.542306
-0.705713	-0.540743
-0.706074	-0.539180
-0.706434	-0.537618
-0.706793	-0.536057
-0.707151	-0.534496
-0.707507	-0.532936
-0.707863	-0.531376
-0.708217	-0.529817
-0.708570	-0.528259
-0.708922	-0.526701
-0.709273	-0.525144
-0.709623	-0.523588
-0.709971	-0.522032
-0.710319	-0.520476
-0.710665	-0.518922
-0.711010	-0.517368
-0.711354	-0.515814
-0.711697	-0.514261
-0.712038	-0.512709
-0.712379	-0.511157
-0.712718	-0.509606
-0.713056	-0.508056
-0.713394	-0.506506
-0.713730	-0.504957
-0.714064	-0.503408
-0.714398	-0.501860
-0.714731	-0.500312
-0.715062	-0.498765
-0.715393	-0.497219
-0.715722	-0.495673
-0.716050	-0.494128
-0.716377	-0.492583
-0.716703	-0.491039
-0.717027	-0.489495
-0.717351	-0.487952
-0.717673	-0.486410
-0.717995	-0.484868
-0.718315	-0.483327
-0.718634	-0.481786
-0.718952	-0.480246
-0.719269	-0.478706
-0.719585	-0.477167
-0.719900	-0.475629
-0.720213	-0.474091
-0.720526	-0.472553
-0.720837	-0.471016
-0.721148	-0.469480
-0.721457	-0.467944
-0.721765	-0.466409
-0.722072	-0.464874
-0.722378	-0.463340
-0.722682	-0.461806
-0.722986	-0.460273
-0.723289	-0.458740
-0.723590	-0.457208
-0.723891	-0.455676
-0.724190	-0.454145
-0.724488	-0.452615
-0.724785	-0.451085
-0.725081	-0.449555
-0.725376	-0.448026
-0.725670	-0.446498
-0.725963	-0.444970
-0.726255	-0.443442
-0.726545	-0.441915
-0.726835	-0.440389
-0.727123	-0.438863
-0.727411	-0.437337
-0.727697	-0.435812
-0.727982	-0.434288
-0.728267	-0.432764
-0.728550	-0.431240
-0.728832	-0.429717
-0.729113	-0.428195
-0.729393	-0.426673
-0.729671	-0.425151
-0.729949	-0.423630
-0.730226	-0.422109
-0.730501	-0.420589
-0.730776	-0.419070
-0.731049	-0.417550
-0.731322	-0.416032
-0.731593	-0.414513
-0.731863	-0.412996
-0.732133	-0.411478
-0.732401	-0.409962
-0.732668	-0.408445
-0.732934	-0.406929
-0.733199	-0.405414
-0.733463	-0.403899
-0.733726	-0.402384
-0.733988	-0.400870
-0.734249	-0.399357
-0.734508	-0.397844
-0.734767	-0.396331
-0.735025	-0.394819
-0.735282	-0.393307
-0.735537	-0.391795
-0.735792	-0.390285
-0.736045	-0.388774
-0.736297	-0.387264
-0.736549	-0.385754
-0.736799	-0.384245
-0.737048	-0.382736
-0.737297	-0.381228
-0.737544	-0.379720
-0.737790	-0.378213
-0.738035	-0.376706
-0.738280	-0.375199
-0.738523	-0.373693
-0.738765	-0.372187
-0.739006	-0.370682
-0.739246	-0.369177
-0.739485	-0.367672
-0.739723	-0.366168
-0.739960	-0.364664
-0.740195	-0.363161
-0.740430	-0.361658
-0.740664	-0.360155
-0.740897	-0.358653
-0.741129	-0.357152
-0.741360	-0.355650
-0.741589	-0.354149
-0.741818	-0.352649
-0.742046	-0.351149
-0.742272	-0.349649
-0.742498	-0.348150
-0.742723	-0.346651
-0.742946	-0.345152
-0.743169	-0.343654
-0.743391	-0.342156
-0.743611	-0.340659
-0.743831	-0.339162
-0.744049	-0.337665
-0.744267	-0.336169
-0.744483	-0.334673
-0.744699	-0.333178
-0.744913	-0.331682
-0.745127	-0.330188
-0.745339	-0.328693
-0.745551	-0.327199
-0.745761	-0.325705
-0.745971	-0.324212
-0.746179	-0.322719
-0.746387	-0.321226
-0.746593	-0.319734
-0.746799	-0.318242
-0.747003	-0.316751
-0.747207	-0.315260
-0.747409	-0.313769
-0.747611	-0.312278
-0.747811	-0.310788
-0.748011	-0.309298
-0.748209	-0.307809
-0.748407	-0.306320
-0.748603	-0.304831
-0.748799	-0.303342
-0.748993	-0.301854
-0.749187	-0.300367
-0.749379	-0.298879
-0.749571	-0.297392
-0.749761	-0.295905
-0.749951	-0.294419
-0.750140	-0.292933
-0.750327	-0.291447
-0.750514	-0.289961
-0.750699	-0.288476
-0.750884	-0.286991
-0.751068	-0.285507
-0.751250	-0.284023
-0.751432	-0.282539
-0.751613	-0.281055
-0.751793	-0.279572
-0.751971	-0.278089
-0.752149	-0.276606
-0.752326	-0.275124
-0.752502	-0.273642
-0.752676	-0.272160
-0.752850	-0.270679
-0.753023	-0.269197
-0.753195	-0.267717
-0.753366	-0.266236
-0.753536	-0.264756
-0.753705	-0.263276
-0.753873	-0.261796
-0.754040	-0.260317
-0.754206	-0.258837
-0.754371	-0.257359
-0.754535	-0.255880
-0.754698	-0.254402
-0.754860	-0.252924
-0.755021	-0.251446
-0.755182	-0.249969
-0.755341	-0.248492
-0.755499	-0.247015
-0.755656	-0.245538
-0.755813	-0.244062
-0.755968	-0.242586
-0.756123	-0.241110
-0.756276	-0.239634
-0.756429	-0.238159
-0.756580	-0.236684
-0.756730	-0.235209
-0.756880	-0.233735
-0.757029	-0.232260
-0.757177	-0.230786
-0.757323	-0.229313
-0.757469	-0.227839
-0.757614	-0.226366
-0.757758	-0.224893
-0.757900	-0.223420
-0.758042	-0.221948
-0.758183	-0.220475
-0.758323	-0.219003
-0.758462	-0.217531
-0.758600	-0.216060
-0.758738	-0.214589
-0.758874	-0.213118
-0.759009	-0.211647
-0.759143	-0.210176
-0.759277	-0.208706
-0.759409	-0.207235
-0.759540	-0.205766
-0.759671	-0.204296
-0.759800	-0.202826
-0.759929	-0.201357
-0.760056	-0.199888
-0.760183	-0.198419
-0.760309	-0.196951
-0.760434	-0.195482
-0.760557	-0.194014
-0.760680	-0.192546
-0.760802	-0.191078
-0.760923	-0.189611
-0.761043	-0.188144
-0.761162	-0.186676
-0.761280	-0.185209
-0.761398	-0.183743
-0.761514	-0.182276
-0.761629	-0.180810
-0.761744	-0.179344
-0.761857	-0.177878
-0.761969	-0.176412
-0.762081	-0.174946
-0.762191	-0.173481
-0.762301	-0.172016
-0.762410	-0.170551
-0.762518	-0.169086
-0.762625	-0.167622
-0.762730	-0.166157
-0.762835	-0.164693
-0.762939	-0.163229
-0.763042	-0.161765
-0.763144	-0.160301
-0.763246	-0.158838
-0.763346	-0.157374
-0.763445	-0.155911
-0.763544	-0.154448
-0.763641	-0.152985
-0.763737	-0.151522
-0.763833	-0.150060
-0.763928	-0.148598
-0.764021	-0.147135
-0.764114	-0.145673
-0.764206	-0.144211
-0.764297	-0.142749
-0.764387	-0.141288
-0.764476	-0.139826
-0.764564	-0.138365
-0.764651	-0.136904
-0.764737	-0.135443
-0.764823	-0.133982
-0.764907	-0.132522
-0.764990	-0.131061
-0.765073	-0.129600
-0.765154	-0.128140
-0.765235	-0.126680
-0.765315	-0.125220
-0.765394	-0.123760
-0.765471	-0.122300
-0.765548	-0.120841
-0.765624	-0.119382
-0.765699	-0.117922
-0.765774	-0.116463
-0.765847	-0.115004
-0.765919	-0.113545
-0.765990	-0.112086
-0.766061	-0.110627
-0.766130	-0.109169
-0.766199	-0.107710
-0.766267	-0.106252
-0.766333	-0.104794
-0.766399	-0.103335
-0.766464	-0.101877
-0.766528	-0.100420
-0.766591	-0.098962
-0.766653	-0.097504
-0.766714	-0.096046
-0.766774	-0.094589
-0.766834	-0.093132
-0.766892	-0.091675
-0.766949	-0.090217
-0.767006	-0.088760
-0.767062	-0.087303
-0.767116	-0.085846
-0.767170	-0.084390
-0.767223	-0.082933
-0.767275	-0.081476
-0.767326	-0.080020
-0.767376	-0.078563
-0.767425	-0.077107
-0.767473	-0.075651
-0.767521	-0.074194
-0.767567	-0.072739
-0.767612	-0.071282
-0.767657	-0.069826
-0.767701	-0.068371
-0.767743	-0.066915
-0.767785	-0.065459
-0.767826	-0.064003
-0.767866	-0.062548
-0.767905	-0.061092
-0.767943	-0.059637
-0.767980	-0.058182
-0.768017	-0.056726
-0.768052	-0.055271
-0.768086	-0.053816
-0.768120	-0.052361
-0.768152	-0.050905
-0.768184	-0.049450
-0.768215	-0.047995
-0.768245	-0.046540
-0.768274	-0.045085
-0.768302	-0.043631
-0.768329	-0.042176
-0.768355	-0.040721
-0.768380	-0.039267
-0.768404	-0.037811
-0.768428	-0.036357
-0.768450	-0.034903
-0.768472	-0.033448
-0.768492	-0.031994
-0.768512	-0.030539
-0.768531	-0.029085
-0.768549	-0.027630
-0.768566	-0.026177
-0.768582	-0.024722
-0.768597	-0.023268
-0.768611	-0.021813
-0.768625	-0.020360
-0.768637	-0.018906
-0.768648	-0.017451
-0.768659	-0.015996
-0.768669	-0.014544
-0.768677	-0.013088
-0.768685	-0.011635
-0.768692	-0.010182
-0.768698	-0.008727
-0.768703	-0.007273
-0.768707	-0.005820
-0.768710	-0.004366
-0.768713	-0.002903
-0.768714	-0.001466
-0.768714	-0.000200
-0.768714	0.001465
-0.768713	0.002903
-0.768710	0.004366
-0.768707	0.005820
-0.768703	0.007273
-0.768698	0.008727
-0.768692	0.010182
-0.768685	0.011635
-0.768677	0.013088
-0.768669	0.014544
-0.768659	0.015996
-0.768648	0.017451
-0.768637	0.018904
-0.768625	0.020360
-0.768611	0.021812
-0.768597	0.023267
-0.768582	0.024722
-0.768566	0.026176
-0.768549	0.027630
-0.768531	0.029085
-0.768512	0.030539
-0.768492	0.031993
-0.768472	0.033449
-0.768450	0.034902
-0.768428	0.036357
-0.768404	0.037811
-0.768380	0.039266
-0.768355	0.040721
-0.768329	0.042176
-0.768302	0.043631
-0.768274	0.045085
-0.768245	0.046540
-0.768215	0.047995
-0.768184	0.049451
-0.768152	0.050905
-0.768120	0.052360
-0.768086	0.053816
-0.768052	0.055271
-0.768017	0.056726
-0.767980	0.058181
-0.767943	0.059637
-0.767905	0.061092
-0.767866	0.062548
-0.767826	0.064003
-0.767785	0.065459
-0.767743	0.066914
-0.767701	0.068370
-0.767657	0.069826
-0.767612	0.071282
-0.767567	0.072738
-0.767521	0.074194
-0.767473	0.075650
-0.767425	0.077107
-0.767376	0.078563
-0.767326	0.080019
-0.767275	0.081476
-0.767223	0.082932
-0.767170	0.084390
-0.767116	0.085846
-0.767062	0.087303
-0.767006	0.088760
-0.766949	0.090217
-0.766892	0.091674
-0.766834	0.093132
-0.766774	0.094589
-0.766714	0.096046
-0.766653	0.097504
-0.766591	0.098961
-0.766528	0.100420
-0.766464	0.101877
-0.766399	0.103335
-0.766333	0.104794
-0.766267	0.106252
-0.766199	0.107710
-0.766130	0.109168
-0.766061	0.110627
-0.765990	0.112086
-0.765919	0.113545
-0.765847	0.115004
-0.765774	0.116463
-0.765699	0.117922
-0.765624	0.119381
-0.765548	0.120841
-0.765471	0.122300
-0.765394	0.123760
-0.765315	0.125220
-0.765235	0.126680
-0.765154	0.128140
-0.765073	0.129600
-0.764990	0.131061
-0.764907	0.132521
-0.764823	0.133982
-0.764737	0.135443
-0.764651	0.136904
-0.764564	0.138365
-0.764476	0.139826
-0.764387	0.141287
-0.764297	0.142749
-0.764206	0.144211
-0.764114	0.145673
-0.764022	0.147135
-0.763928	0.148597
-0.763833	0.150059
-0.763738	0.151522
-0.763641	0.152985
-0.763544	0.154448
-0.763445	0.155911
-0.763346	0.157374
-0.763246	0.158837
-0.763144	0.160301
-0.763042	0.161764
-0.762939	0.163228
-0.762835	0.164692
-0.762730	0.166157
-0.762624	0.167621
-0.762518	0.169086
-0.762410	0.170551
-0.762301	0.172015
-0.762192	0.173481
-0.762081	0.174946
-0.761970	0.176412
-0.761857	0.177877
-0.761743	0.179343
-0.761629	0.180809
-0.761514	0.182276
-0.761398	0.183742
-0.761280	0.185209
-0.761162	0.186676
-0.761043	0.188143
-0.760923	0.189611
-0.760802	0.191078
-0.760680	0.192546
-0.760557	0.194014
-0.760434	0.195482
-0.760309	0.196950
-0.760183	0.198419
-0.760057	0.199888
-0.759929	0.201357
-0.759800	0.202826
-0.759671	0.204296
-0.759540	0.205765
-0.759409	0.207235
-0.759277	0.208705
-0.759143	0.210176
-0.759009	0.211646
-0.758874	0.213117
-0.758738	0.214588
-0.758601	0.216059
-0.758462	0.217531
-0.758323	0.219003
-0.758183	0.220475
-0.758042	0.221947
-0.757900	0.223420
-0.757758	0.224893
-0.757614	0.226366
-0.757469	0.227839
-0.757323	0.229312
-0.757176	0.230786
-0.757029	0.232260
-0.756880	0.233734
-0.756731	0.235209
-0.756580	0.236684
-0.756429	0.238159
-0.756276	0.239634
-0.756123	0.241109
-0.755968	0.242585
-0.755813	0.244061
-0.755656	0.245538
-0.755499	0.247014
-0.755341	0.248491
-0.755182	0.249968
-0.755021	0.251446
-0.754860	0.252923
-0.754698	0.254402
-0.754535	0.255880
-0.754371	0.257358
-0.754206	0.258837
-0.754040	0.260316
-0.753873	0.261796
-0.753705	0.263275
-0.753536	0.264755
-0.753366	0.266236
-0.753195	0.267716
-0.753023	0.269197
-0.752850	0.270678
-0.752676	0.272160
-0.752502	0.273641
-0.752326	0.275123
-0.752149	0.276606
-0.751971	0.278089
-0.751792	0.279572
-0.751613	0.281055
-0.751432	0.282538
-0.751250	0.284022
-0.751068	0.285506
-0.750884	0.286991
-0.750700	0.288476
-0.750514	0.289961
-0.750327	0.291447
-0.750140	0.292932
-0.749951	0.294418
-0.749762	0.295905
-0.749571	0.297392
-0.749379	0.298879
-0.749187	0.300366
-0.748993	0.301854
-0.748799	0.303342
-0.748603	0.304831
-0.748407	0.306319
-0.748209	0.307808
-0.748011	0.309298
-0.747811	0.310788
-0.747611	0.312278
-0.747409	0.313768
-0.747207	0.315259
-0.747003	0.316750
-0.746799	0.318242
-0.746593	0.319734
-0.746387	0.321226
-0.746180	0.322719
-0.745971	0.324212
-0.745762	0.325705
-0.745551	0.327199
-0.745339	0.328693
-0.745127	0.330187
-0.744914	0.331682
-0.744699	0.333177
-0.744483	0.334673
-0.744267	0.336169
-0.744049	0.337665
-0.743831	0.339161
-0.743611	0.340659
-0.743391	0.342156
-0.743169	0.343654
-0.742946	0.345152
-0.742723	0.346650
-0.742498	0.348149
-0.742272	0.349649
-0.742046	0.351148
-0.741818	0.352649
-0.741589	0.354149
-0.741360	0.355650
-0.741129	0.357151
-0.740897	0.358653
-0.740664	0.360155
-0.740430	0.361658
-0.740196	0.363161
-0.739960	0.364664
-0.739723	0.366168
-0.739485	0.367672
-0.739246	0.369176
-0.739006	0.370681
-0.738765	0.372187
-0.738523	0.373692
-0.738280	0.375199
-0.738036	0.376705
-0.737790	0.378212
-0.737544	0.379720
-0.737297	0.381228
-0.737049	0.382736
-0.736799	0.384245
-0.736549	0.385754
-0.736297	0.387264
-0.736045	0.388774
-0.735792	0.390284
-0.735537	0.391795
-0.735282	0.393306
-0.735025	0.394818
-0.734767	0.396331
-0.734508	0.397843
-0.734249	0.399356
-0.733988	0.400870
-0.733726	0.402384
-0.733463	0.403899
-0.733199	0.405414
-0.732934	0.406929
-0.732668	0.408445
-0.732401	0.409961
-0.732133	0.411478
-0.731864	0.412995
-0.731593	0.414513
-0.731322	0.416031
-0.731050	0.417550
-0.730776	0.419069
-0.730501	0.420589
-0.730226	0.422109
-0.729949	0.423630
-0.729671	0.425151
-0.729393	0.426672
-0.729113	0.428194
-0.728832	0.429717
-0.728550	0.431240
-0.728267	0.432763
-0.727982	0.434287
-0.727697	0.435812
-0.727411	0.437337
-0.727124	0.438862
-0.726835	0.440388
-0.726546	0.441915
-0.726255	0.443442
-0.725963	0.444969
-0.725670	0.446497
-0.725376	0.448026
-0.725081	0.449555
-0.724786	0.451084
-0.724488	0.452614
-0.724190	0.454145
-0.723891	0.455676
-0.723590	0.457208
-0.723289	0.458740
-0.722986	0.460272
-0.722683	0.461806
-0.722378	0.463339
-0.722072	0.464874
-0.721765	0.466408
-0.721457	0.467944
-0.721148	0.469479
-0.720837	0.471016
-0.720526	0.472553
-0.720214	0.474090
-0.719900	0.475628
-0.719585	0.477167
-0.719269	0.478706
-0.718952	0.480245
-0.718634	0.481786
-0.718315	0.483326
-0.717995	0.484868
-0.717674	0.486410
-0.717351	0.487952
-0.717028	0.489495
-0.716703	0.491039
-0.716377	0.492583
-0.716050	0.494127
-0.715722	0.495673
-0.715393	0.497218
-0.715062	0.498765
-0.714731	0.500312
-0.714398	0.501859
-0.714065	0.503408
-0.713730	0.504956
-0.713394	0.506506
-0.713057	0.508056
-0.712718	0.509606
-0.712379	0.511157
-0.712039	0.512709
-0.711697	0.514261
-0.711354	0.515814
-0.711010	0.517367
-0.710665	0.518921
-0.710319	0.520476
-0.709971	0.522031
-0.709623	0.523587
-0.709273	0.525144
-0.708922	0.526701
-0.708570	0.528259
-0.708217	0.529817
-0.707863	0.531376
-0.707507	0.532935
-0.707151	0.534496
-0.706793	0.536056
-0.706434	0.537618
-0.706074	0.539180
-0.705713	0.540743
-0.705350	0.542306
-0.704987	0.543870
-0.704622	0.545434
-0.704256	0.547000
-0.703889	0.548565
-0.703521	0.550132
-0.703151	0.551699
-0.702781	0.553267
-0.702409	0.554835
-0.702036	0.556404
-0.701662	0.557974
-0.701286	0.559545
-0.700910	0.561116
-0.700532	0.562688
-0.700153	0.564260
-0.699773	0.565833
-0.699392	0.567407
-0.699010	0.568981
-0.698626	0.570556
-0.698241	0.572132
-0.697855	0.573708
-0.697468	0.575285
-0.697079	0.576863
-0.696690	0.578442
-0.696299	0.580021
-0.695907	0.581600
-0.695514	0.583181
-0.695119	0.584762
-0.694724	0.586344
-0.694327	0.587927
-0.693929	0.589510
-0.693529	0.591094
-0.693129	0.592679
-0.692727	0.594264
-0.692324	0.595850
-0.691920	0.597437
-0.691514	0.599024
-0.691108	0.600613
-0.690700	0.602202
-0.690291	0.603791
-0.689881	0.605382
-0.689469	0.606973
-0.689056	0.608565
-0.688642	0.610157
-0.688227	0.611750
-0.687811	0.613344
-0.687393	0.614939
-0.686974	0.616535
-0.686554	0.618131
-0.686132	0.619728
-0.685709	0.621325
-0.685286	0.622924
-0.684860	0.624523
-0.684434	0.626123
-0.684006	0.627724
-0.683577	0.629325
-0.683147	0.630927
-0.682716	0.632530
-0.682283	0.634134
-0.681849	0.635739
-0.681414	0.637344
-0.680977	0.638950
-0.680539	0.640557
-0.680100	0.642164
-0.679660	0.643773
-0.679218	0.645382
-0.678775	0.646991
-0.678331	0.648602
-0.677886	0.650214
-0.677439	0.651826
-0.676991	0.653439
-0.676542	0.655053
-0.676091	0.656667
-0.675639	0.658283
-0.675186	0.659899
-0.674731	0.661516
-0.674276	0.663134
-0.673819	0.664752
-0.673360	0.666372
-0.672900	0.667992
-0.672439	0.669613
-0.671977	0.671235
-0.671514	0.672858
-0.671049	0.674481
-0.670582	0.676106
-0.670115	0.677731
-0.669646	0.679357
-0.669176	0.680983
-0.668704	0.682611
-0.668232	0.684240
-0.667757	0.685869
-0.667282	0.687499
-0.666805	0.689130
-0.666327	0.690762
-0.665848	0.692395
-0.665367	0.694028
-0.664885	0.695663
-0.664401	0.697298
-0.663916	0.698934
-0.663430	0.700571
-0.662943	0.702209
-0.662454	0.703847
-0.661964	0.705487
-0.661472	0.707127
-0.660979	0.708769
-0.660485	0.710411
-0.659989	0.712054
-0.659492	0.713698
-0.658994	0.715343
-0.658494	0.716988
-0.657993	0.718635
-0.657491	0.720283
-0.656987	0.721931
-0.656482	0.723580
-0.655975	0.725231
-0.655467	0.726881
-0.654958	0.728534
-0.654447	0.730186
-0.653935	0.731840
-0.653422	0.733495
-0.652907	0.735151
-0.652391	0.736807
-0.651873	0.738465
-0.651354	0.740123
-0.650833	0.741782
-0.650311	0.743442
-0.649788	0.745104
-0.649264	0.746766
-0.648737	0.748429
-0.648210	0.750093
-0.647681	0.751758
-0.647151	0.753424
-0.646619	0.755090
-0.646086	0.756758
-0.645551	0.758427
-0.645015	0.760096
-0.644478	0.761767
-0.643939	0.763439
-0.643399	0.765111
-0.642857	0.766785
-0.642314	0.768459
-0.641769	0.770135
-0.641223	0.771811
-0.640676	0.773488
-0.640127	0.775167
-0.639576	0.776846
-0.639025	0.778526
-0.638471	0.780208
-0.637916	0.781890
-0.637360	0.783573
-0.636803	0.785258
-0.636243	0.786943
-0.635683	0.788629
-0.635121	0.790316
-0.634557	0.792005
-0.633992	0.793694
-0.633426	0.795384
-0.632858	0.797076
-0.632288	0.798768
-0.631717	0.800461
-0.631145	0.802156
-0.630571	0.803851
-0.629995	0.805548
-0.629418	0.807245
-0.628840	0.808944
-0.628260	0.810643
-0.627679	0.812344
-0.627096	0.814046
-0.626511	0.815748
-0.625925	0.817452
-0.625338	0.819157
-0.624749	0.820863
-0.624158	0.822570
-0.623566	0.824278
-0.622973	0.825987
-0.622378	0.827697
-0.621781	0.829408
-0.621183	0.831120
-0.620583	0.832834
-0.619982	0.834548
-0.619379	0.836264
-0.618775	0.837980
-0.618169	0.839698
-0.617561	0.841416
-0.616952	0.843136
-0.616342	0.844857
-0.615730	0.846579
-0.615116	0.848302
-0.614501	0.850027
-0.613884	0.851752
-0.613266	0.853479
-0.612646	0.855206
-0.612024	0.856935
-0.611401	0.858665
-0.610776	0.860396
-0.610150	0.862128
-0.609522	0.863861
-0.608893	0.865595
-0.608262	0.867331
-0.607629	0.869067
-0.606995	0.870805
-0.606359	0.872544
-0.605721	0.874284
-0.605082	0.876025
-0.604442	0.877768
-0.603799	0.879511
-0.603155	0.881256
-0.602510	0.883002
-0.601863	0.884749
-0.601214	0.886497
-0.600563	0.888246
-0.599911	0.889997
-0.599258	0.891749
-0.598602	0.893502
-0.597945	0.895256
-0.597287	0.897011
-0.596626	0.898768
-0.595964	0.900525
-0.595301	0.902284
-0.594635	0.904044
-0.593969	0.905806
-0.593300	0.907568
-0.592630	0.909332
-0.591958	0.911097
-0.591284	0.912863
-0.590609	0.914630
-0.589932	0.916399
-0.589253	0.918169
-0.588573	0.919940
-0.587891	0.921712
-0.587207	0.923486
-0.586521	0.925261
-0.585834	0.927037
-0.585145	0.928814
-0.584455	0.930593
-0.583762	0.932372
-0.583068	0.934153
-0.582373	0.935936
-0.581675	0.937719
-0.580976	0.939504
-0.580275	0.941290
-0.579572	0.943078
-0.578868	0.944867
-0.578162	0.946657
-0.577454	0.948448
-0.576744	0.950241
-0.576033	0.952034
-0.575320	0.953829
-0.574605	0.955626
-0.573888	0.957424
-0.573170	0.959223
-0.572450	0.961023
-0.571728	0.962825
-0.571004	0.964628
-0.570279	0.966432
-0.569551	0.968238
-0.568822	0.970045
-0.568091	0.971853
-0.567359	0.973663
-0.566624	0.975474
-0.565888	0.977287
-0.565150	0.979100
-0.564410	0.980915
-0.563668	0.982732
-0.562925	0.984550
-0.562179	0.986369
-0.561432	0.988189
-0.560683	0.990011
-0.559932	0.991834
-0.559179	0.993659
-0.558425	0.995485
-0.557669	0.997313
-0.556910	0.999141
-0.556150	1.000972
-0.555388	1.002803
-0.554624	1.004636
-0.553859	1.006471
-0.553091	1.008306
-0.552322	1.010144
-0.551551	1.011982
-0.550778	1.013822
-0.550003	1.015664
-0.549226	1.017507
-0.548447	1.019351
-0.547666	1.021197
-0.546884	1.023044
-0.546099	1.024893
-0.545313	1.026743
-0.544524	1.028594
-0.543734	1.030447
-0.542942	1.032302
-0.542148	1.034158
-0.541352	1.036015
-0.540554	1.037874
-0.539754	1.039734
-0.538952	1.041596
-0.538148	1.043459
-0.537343	1.045324
-0.536535	1.047190
-0.535725	1.049058
-0.534914	1.050927
-0.534100	1.052798
-0.533285	1.054670
-0.532467	1.056544
-0.531648	1.058419
-0.530826	1.060296
-0.530003	1.062175
-0.529177	1.064054
-0.528350	1.065936
-0.527520	1.067819
-0.526689	1.069703
-0.525856	1.071589
-0.525020	1.073477
-0.524183	1.075366
-0.523343	1.077256
-0.522502	1.079149
-0.521658	1.081042
-0.520812	1.082938
-0.519965	1.084835
-0.519115	1.086733
-0.518263	1.088633
-0.517410	1.090535
-0.516554	1.092438
-0.515696	1.094343
-0.514836	1.096249
-0.513974	1.098157
-0.513110	1.100067
-0.512243	1.101978
-0.511375	1.103891
-0.510505	1.105806
-0.509632	1.107722
-0.508757	1.109639
-0.507881	1.111559
-0.507002	1.113480
-0.506121	1.115402
-0.505238	1.117327
-0.504353	1.119252
-0.503466	1.121180
-0.502576	1.123109
-0.501685	1.125040
-0.500791	1.126973
-0.499895	1.128907
-0.498997	1.130843
-0.498097	1.132781
-0.497194	1.134720
-0.496290	1.136661
-0.495383	1.138604
-0.494474	1.140548
-0.493563	1.142494
-0.492650	1.144442
-0.491735	1.146391
-0.490817	1.148342
-0.489897	1.150295
-0.488975	1.152250
-0.488051	1.154206
-0.487124	1.156165
-0.486196	1.158124
-0.485265	1.160086
-0.484331	1.162049
-0.483396	1.164014
-0.482458	1.165981
-0.481518	1.167950
-0.480576	1.169920
-0.479632	1.171892
-0.478685	1.173866
-0.477736	1.175842
-0.476785	1.177820
-0.475831	1.179799
-0.474876	1.181780
-0.473917	1.183763
-0.472957	1.185748
-0.471994	1.187734
-0.471029	1.189723
-0.470062	1.191713
-0.469092	1.193705
-0.468120	1.195698
-0.467146	1.197694
-0.466169	1.199692
-0.465190	1.201691
-0.464209	1.203692
-0.463225	1.205695
-0.462239	1.207700
-0.461251	1.209707
-0.460260	1.211716
-0.459267	1.213726
-0.458271	1.215739
-0.457273	1.217753
-0.456273	1.219769
-0.455270	1.221787
-0.454265	1.223807
-0.453257	1.225829
-0.452247	1.227853
-0.451235	1.229879
-0.450220	1.231906
-0.449203	1.233936
-0.448183	1.235968
-0.447161	1.238001
-0.446136	1.240036
-0.445109	1.242074
-0.444079	1.244113
-0.443047	1.246154
-0.442013	1.248198
-0.440976	1.250243
-0.439936	1.252290
-0.438895	1.254339
-0.437850	1.256390
-0.436803	1.258443
-0.435754	1.260499
-0.434702	1.262556
-0.433647	1.264615
-0.432590	1.266676
-0.431530	1.268739
-0.430468	1.270804
-0.429403	1.272871
-0.428336	1.274941
-0.427266	1.277012
-0.426194	1.279085
-0.425119	1.281161
-0.424041	1.283238
-0.422961	1.285318
-0.421878	1.287399
-0.420793	1.289483
-0.419705	1.291569
-0.418614	1.293657
-0.417521	1.295747
-0.416425	1.297839
-0.415327	1.299933
-0.414226	1.302029
-0.413122	1.304128
-0.412015	1.306228
-0.410906	1.308331
-0.409795	1.310436
-0.408680	1.312542
-0.407563	1.314651
-0.406443	1.316763
-0.405321	1.318876
-0.404195	1.320991
-0.403068	1.323109
-0.401937	1.325229
-0.400803	1.327351
-0.399667	1.329475
-0.398529	1.331602
-0.397387	1.333730
-0.396242	1.335861
-0.395095	1.337994
-0.393945	1.340129
-0.392793	1.342267
-0.391637	1.344406
-0.390479	1.346548
-0.389318	1.348693
-0.388154	1.350839
-0.386988	1.352988
-0.385818	1.355138
-0.384646	1.357292
-0.383471	1.359447
-0.382293	1.361605
-0.381112	1.363765
-0.379928	1.365927
-0.378742	1.368092
-0.377552	1.370259
-0.376360	1.372428
-0.375165	1.374600
-0.373967	1.376773
-0.372766	1.378950
-0.371562	1.381128
-0.370355	1.383309
-0.369146	1.385492
-0.367933	1.387678
-0.366717	1.389866
-0.365499	1.392056
-0.364277	1.394249
-0.363053	1.396444
-0.361825	1.398642
-0.360595	1.400841
-0.359362	1.403044
-0.358125	1.405249
-0.356886	1.407455
-0.355644	1.409665
-0.354398	1.411877
-0.353150	1.414092
-0.351898	1.416308
-0.350644	1.418527
-0.349386	1.420749
-0.348125	1.422974
-0.346862	1.425200
-0.345595	1.427429
-0.344325	1.429661
-0.343052	1.431895
-0.341776	1.434132
-0.340497	1.436371
-0.339215	1.438613
-0.337929	1.440857
-0.336641	1.443104
-0.335349	1.445353
-0.334054	1.447605
-0.332756	1.449859
-0.331455	1.452116
-0.330151	1.454375
-0.328843	1.456637
-0.327532	1.458902
-0.326218	1.461169
-0.324901	1.463439
-0.323581	1.465711
-0.322257	1.467986
-0.320930	1.470264
-0.319600	1.472544
-0.318267	1.474827
-0.316930	1.477112
-0.315590	1.479401
-0.314247	1.481691
-0.312901	1.483985
-0.311551	1.486281
-0.310198	1.488580
-0.308841	1.490881
-0.307482	1.493185
-0.306119	1.495492
-0.304752	1.497802
-0.303382	1.500114
-0.302009	1.502429
-0.300633	1.504747
-0.299253	1.507067
-0.297869	1.509390
-0.296483	1.511716
-0.295093	1.514045
-0.293699	1.516377
-0.292302	1.518711
-0.290902	1.521048
-0.289498	1.523388
-0.288090	1.525731
-0.286679	1.528076
-0.285265	1.530424
-0.283847	1.532775
-0.282426	1.535129
-0.281001	1.537486
-0.279573	1.539846
-0.278141	1.542208
-0.276705	1.544574
-0.275266	1.546942
-0.273824	1.549313
-0.272378	1.551687
-0.270928	1.554064
-0.269475	1.556444
-0.268018	1.558826
-0.266557	1.561212
-0.265093	1.563601
-0.263625	1.565992
-0.262154	1.568387
-0.260678	1.570784
-0.259200	1.573185
-0.257717	1.575588
-0.256231	1.577994
-0.254741	1.580404
-0.253248	1.582816
-0.251750	1.585231
-0.250249	1.587650
-0.248744	1.590071
-0.247236	1.592496
-0.245724	1.594923
-0.244208	1.597354
-0.242688	1.599787
-0.241164	1.602224
-0.239637	1.604664
-0.238105	1.607107
-0.236570	1.609553
-0.235031	1.612002
-0.233488	1.614454
-0.231942	1.616910
-0.230391	1.619368
-0.228837	1.621830
-0.227278	1.624295
-0.225716	1.626762
-0.224150	1.629234
-0.222580	1.631708
-0.221006	1.634186
-0.219427	1.636666
-0.217845	1.639150
-0.216259	1.641637
-0.214669	1.644128
-0.213075	1.646621
-0.211477	1.649118
-0.209875	1.651618
-0.208269	1.654122
-0.206659	1.656628
-0.205045	1.659139
-0.203427	1.661652
-0.201804	1.664168
-0.200178	1.666688
-0.198547	1.669212
-0.196912	1.671738
-0.195273	1.674268
-0.193630	1.676801
-0.191983	1.679338
-0.190332	1.681878
-0.188676	1.684422
-0.187016	1.686968
-0.185352	1.689519
-0.183684	1.692072
-0.182012	1.694630
-0.180335	1.697190
-0.178654	1.699754
-0.176968	1.702321
-0.175279	1.704892
-0.173585	1.707467
-0.171887	1.710045
-0.170184	1.712626
-0.168477	1.715211
-0.166766	1.717800
-0.165050	1.720392
-0.163330	1.722987
-0.161606	1.725587
-0.159877	1.728189
-0.158144	1.730796
-0.156406	1.733405
-0.154664	1.736019
-0.152917	1.738636
-0.151166	1.741257
-0.149410	1.743881
-0.147650	1.746509
-0.145885	1.749141
-0.144116	1.751776
-0.142342	1.754415
-0.140564	1.757058
-0.138781	1.759704
-0.136993	1.762354
-0.135201	1.765008
-0.133404	1.767666
-0.131603	1.770327
-0.129797	1.772992
-0.127986	1.775661
-0.126170	1.778334
-0.124350	1.781010
-0.122525	1.783691
-0.120696	1.786375
-0.118861	1.789063
-0.117022	1.791754
-0.115178	1.794450
-0.113329	1.797150
-0.111476	1.799853
-0.109617	1.802560
-0.107754	1.805272
-0.105886	1.807987
-0.104013	1.810706
-0.102136	1.813429
-0.100253	1.816156
-0.098365	1.818886
-0.096473	1.821621
-0.094575	1.824360
-0.092672	1.827103
-0.090765	1.829850
-0.088853	1.832601
-0.086935	1.835356
-0.085013	1.838115
-0.083085	1.840878
-0.081152	1.843645
-0.079215	1.846416
-0.077272	1.849192
-0.075324	1.851971
-0.073371	1.854755
-0.071413	1.857543
-0.069449	1.860335
-0.067481	1.863131
-0.065507	1.865931
-0.063528	1.868735
-0.061544	1.871544
-0.059555	1.874357
-0.057560	1.877174
-0.055560	1.879996
-0.053555	1.882821
-0.051544	1.885651
-0.049528	1.888486
-0.047507	1.891324
-0.045480	1.894167
-0.043448	1.897014
-0.041411	1.899866
-0.039368	1.902722
-0.037319	1.905582
-0.035266	1.908447
-0.033206	1.911316
-0.031142	1.914189
-0.029071	1.917067
-0.026995	1.919950
-0.024914	1.922837
-0.022827	1.925728
-0.020735	1.928624
-0.018636	1.931524
-0.016533	1.934429
-0.014423	1.937338
-0.012308	1.940253
-0.010187	1.943171
-0.008061	1.946094
-0.005929	1.949022
-0.003791	1.951954
-0.001647	1.954891
0.000503	1.957833
0.002658	1.960779
0.004819	1.963730
0.006986	1.966685
0.009159	1.969646
0.011338	1.972611
0.013522	1.975581
0.015713	1.978555
0.017909	1.981534
0.020112	1.984518
0.022320	1.987507
0.024535	1.990501
0.026755	1.993500
0.028982	1.996503
0.031214	1.999511
0.033453	2.002524
0.035698	2.005542
0.037949	2.008565
0.040206	2.011593
0.042469	2.014626
0.044739	2.017663
0.047014	2.020706
0.049296	2.023754
0.051584	2.026807
0.053879	2.029864
0.056180	2.032927
0.058487	2.035995
0.060800	2.039068
0.063120	2.042146
0.065446	2.045229
0.067779	2.048317
0.070118	2.051410
0.072463	2.054509
0.074815	2.057613
0.077174	2.060722
0.079539	2.063836
0.081911	2.066955
0.084289	2.070080
0.086674	2.073210
0.089065	2.076345
0.091463	2.079486
0.093868	2.082632
0.096279	2.085783
0.098697	2.088939
0.101122	2.092101
0.103554	2.095268
0.105992	2.098441
0.108438	2.101619
0.110890	2.104803
0.113349	2.107992
0.115815	2.111187
0.118287	2.114387
0.120767	2.117592
0.123254	2.120804
0.125748	2.124020
0.128248	2.127243
0.130756	2.130471
0.133271	2.133704
0.135793	2.136943
0.138322	2.140188
0.140858	2.143439
0.143401	2.146695
0.145952	2.149957
0.148510	2.153225
0.151075	2.156498
0.153647	2.159778
0.156226	2.163063
0.158813	2.166354
0.161408	2.169650
0.164009	2.172953
0.166618	2.176262
0.169235	2.179576
0.171859	2.182896
0.174490	2.186223
0.177129	2.189555
0.179776	2.192894
0.182430	2.196238
0.185092	2.199588
0.187761	2.202945
0.190438	2.206307
0.193123	2.209675
0.195815	2.213050
0.198516	2.216431
0.201224	2.219818
0.203939	2.223211
0.206663	2.226611
0.209394	2.230016
0.212134	2.233428
0.214881	2.236846
0.217637	2.240271
0.220400	2.243702
0.223171	2.247139
0.225950	2.250582
0.228738	2.254032
0.231533	2.257489
0.234337	2.260951
0.237149	2.264421
0.239969	2.267896
0.242797	2.271379
0.245634	2.274867
0.248479	2.278363
0.251332	2.281864
0.254193	2.285373
0.257063	2.288888
0.259942	2.292410
0.262828	2.295938
0.265724	2.299474
0.268628	2.303015
0.271540	2.306564
0.274461	2.310120
0.277390	2.313682
0.280329	2.317251
0.283276	2.320827
0.286231	2.324409
0.289196	2.327999
0.292169	2.331596
0.295151	2.335199
0.298142	2.338810
0.301142	2.342427
0.304151	2.346052
0.307168	2.349684
0.310195	2.353323
0.313231	2.356968
0.316276	2.360621
0.319329	2.364281
0.322392	2.367949
0.325465	2.371624
0.328546	2.375305
0.331637	2.378994
0.334737	2.382691
0.337846	2.386395
0.340965	2.390105
0.344093	2.393824
0.347231	2.397550
0.350378	2.401283
0.353534	2.405024
0.356700	2.408772
0.359876	2.412528
0.363061	2.416291
0.366256	2.420062
0.369461	2.423841
0.372676	2.427627
0.375900	2.431421
0.379134	2.435223
0.382378	2.439032
0.385632	2.442849
0.388895	2.446674
0.392169	2.450507
0.395453	2.454347
0.398747	2.458196
0.402051	2.462052
0.405365	2.465916
0.408689	2.469789
0.412024	2.473669
0.415369	2.477557
0.418724	2.481454
0.422089	2.485358
0.425465	2.489271
0.428852	2.493191
0.432248	2.497120
0.435656	2.501058
0.439074	2.505003
0.442502	2.508957
0.445942	2.512919
0.449392	2.516889
0.452852	2.520868
0.456324	2.524855
0.459806	2.528851
0.463300	2.532855
0.466804	2.536868
0.470319	2.540889
0.473845	2.544919
0.477382	2.548958
0.480931	2.553005
0.484490	2.557060
0.488061	2.561125
0.491643	2.565199
0.495237	2.569281
0.498841	2.573372
0.502457	2.577472
0.506085	2.581580
0.509724	2.585698
0.513375	2.589825
0.517037	2.593961
0.520711	2.598105
0.524396	2.602259
0.528094	2.606422
0.531803	2.610594
0.535524	2.614776
0.539257	2.618966
0.543002	2.623166
0.546758	2.627375
0.550527	2.631594
0.554308	2.635822
0.558102	2.640059
0.561907	2.644306
0.565725	2.648563
0.569555	2.652829
0.573397	2.657104
0.577252	2.661389
0.581119	2.665684
0.584999	2.669988
0.588891	2.674303
0.592796	2.678627
0.596714	2.682961
0.600645	2.687304
0.604588	2.691658
0.608544	2.696022
0.612513	2.700395
0.616496	2.704779
0.620491	2.709172
0.624499	2.713576
0.628520	2.717990
0.632555	2.722414
0.636603	2.726849
0.640664	2.731294
0.644739	2.735749
0.648827	2.740214
0.652929	2.744690
0.657044	2.749177
0.661173	2.753674
0.665315	2.758181
0.669472	2.762699
0.673642	2.767228
0.677826	2.771767
0.682024	2.776317
0.686236	2.780878
0.690462	2.785450
0.694702	2.790033
0.698957	2.794626
0.703225	2.799231
0.707508	2.803846
0.711806	2.808473
0.716118	2.813111
0.720444	2.817760
0.724785	2.822420
0.729141	2.827091
0.733511	2.831774
0.737896	2.836468
0.742296	2.841174
0.746711	2.845891
0.751141	2.850619
0.755587	2.855359
0.760047	2.860111
0.764522	2.864874
0.769013	2.869650
0.773519	2.874436
0.778041	2.879235
0.782578	2.884046
0.787130	2.888868
0.791699	2.893703
0.796283	2.898549
0.800882	2.903408
0.805498	2.908278
0.810130	2.913161
0.814777	2.918056
0.819441	2.922964
0.824121	2.927884
0.828817	2.932816
0.833529	2.937761
0.838258	2.942718
0.843004	2.947688
0.847766	2.952671
0.852544	2.957666
0.857340	2.962674
0.862152	2.967695
0.866980	2.972729
0.871826	2.977775
0.876689	2.982835
0.881569	2.987908
0.886467	2.992994
0.891382	2.998093
0.896313	3.003205
0.901263	3.008330
0.906230	3.013469
0.911214	3.018622
0.916217	3.023787
0.921237	3.028967
0.926275	3.034160
0.931331	3.039366
0.936405	3.044587
0.941497	3.049821
0.946608	3.055069
0.951737	3.060331
0.956884	3.065607
0.962050	3.070897
0.967234	3.076201
0.972437	3.081520
0.977659	3.086853
0.982900	3.092200
0.988159	3.097561
0.993438	3.102937
0.998736	3.108328
1.004053	3.113733
1.009390	3.119152
1.014746	3.124587
1.020122	3.130036
1.025517	3.135500
1.030932	3.140980
1.036367	3.146474
1.041822	3.151983
1.047297	3.157507
1.052792	3.163047
1.058307	3.168602
1.063843	3.174173
1.069399	3.179759
1.074976	3.185360
1.080573	3.190977
1.086191	3.196610
1.091830	3.202259
1.097491	3.207923
1.103172	3.213603
1.108874	3.219300
1.114598	3.225013
1.120343	3.230741
1.126110	3.236486
1.131898	3.242248
1.137709	3.248026
1.143541	3.253820
1.149395	3.259630
1.155271	3.265458
1.161170	3.271302
1.167090	3.277163
1.173033	3.283041
1.178999	3.288936
1.184988	3.294848
1.190999	3.300778
1.197034	3.306724
1.203091	3.312688
1.209172	3.318669
1.215276	3.324668
1.221403	3.330684
1.227554	3.336719
1.233728	3.342771
1.239927	3.348840
1.246149	3.354928
1.252395	3.361034
1.258666	3.367158
1.264961	3.373300
1.271281	3.379461
1.277624	3.385640
1.283993	3.391838
1.290387	3.398054
1.296806	3.404289
1.303249	3.410543
1.309718	3.416816
1.316213	3.423108
1.322733	3.429418
1.329278	3.435749
1.335850	3.442098
1.342447	3.448467
1.349071	3.454855
1.355721	3.461263
1.362397	3.467692
1.369100	3.474139
1.375829	3.480607
1.382586	3.487095
1.389369	3.493603
1.396179	3.500130
1.403017	3.506679
1.409882	3.513248
1.416775	3.519838
1.423696	3.526448
1.430644	3.533079
1.437621	3.539732
1.444626	3.546405
1.451659	3.553099
1.458721	3.559815
1.465811	3.566552
1.472931	3.573310
1.480079	3.580091
1.487257	3.586892
1.494464	3.593716
1.501700	3.600562
1.508967	3.607430
1.516263	3.614320
1.523589	3.621233
1.530946	3.628167
1.538332	3.635125
1.545750	3.642105
1.553198	3.649108
1.560677	3.656135
1.568187	3.663184
1.575729	3.670256
1.583302	3.677352
1.590907	3.684472
1.598543	3.691615
1.606212	3.698782
1.613913	3.705972
1.621646	3.713187
1.629412	3.720426
1.637211	3.727689
1.645042	3.734977
1.652907	3.742289
1.660805	3.749626
1.668737	3.756988
1.676703	3.764375
1.684703	3.771787
1.692737	3.779225
1.700805	3.786687
1.708908	3.794176
1.717046	3.801690
1.725218	3.809230
1.733426	3.816797
1.741670	3.824389
1.749949	3.832008
1.758264	3.839653
1.766615	3.847325
1.775003	3.855024
1.783427	3.862750
1.791888	3.870502
1.800385	3.878283
1.808921	3.886091
1.817493	3.893926
1.826103	3.901789
1.834751	3.909680
1.843438	3.917599
1.852163	3.925547
1.860926	3.933523
1.869728	3.941527
1.878570	3.949561
1.887451	3.957623
1.896371	3.965715
1.905331	3.973836
1.914332	3.981986
1.923372	3.990166
1.932454	3.998377
1.941576	4.006617
1.950740	4.014887
1.959945	4.023188
1.969191	4.031519
1.978480	4.039882
1.987811	4.048275
1.997184	4.056700
2.006600	4.065156
2.016059	4.073643
2.025561	4.082162
2.035108	4.090713
2.044697	4.099297
2.054331	4.107913
2.064010	4.116561
2.073733	4.125242
2.083501	4.133956
2.093315	4.142704
2.103174	4.151484
2.113080	4.160299
2.123031	4.169147
2.133029	4.178030
2.143074	4.186946
2.153166	4.195898
2.163305	4.204884
2.173492	4.213905
2.183728	4.222961
2.194012	4.232052
2.204344	4.241179
2.214726	4.250342
2.225157	4.259542
2.235638	4.268777
2.246169	4.278049
2.256750	4.287358
2.267383	4.296704
2.278066	4.306087
2.288801	4.315508
2.299587	4.324967
2.310426	4.334464
2.321317	4.343999
2.332262	4.353572
2.343259	4.363185
2.354311	4.372836
2.365416	4.382527
2.376575	4.392258
2.387789	4.402028
2.399059	4.411839
2.410384	4.421690
2.421765	4.431581
2.433202	4.441514
2.444696	4.451488
2.456248	4.461503
2.467856	4.471561
2.479523	4.481660
2.491248	4.491802
2.503031	4.501987
2.514874	4.512214
2.526777	4.522485
2.538739	4.532799
2.550762	4.543158
2.562846	4.553560
2.574991	4.564007
2.587198	4.574499
2.599468	4.585036
2.611800	4.595619
2.624195	4.606247
2.636653	4.616922
2.649176	4.627643
2.661763	4.638410
2.674416	4.649225
2.687134	4.660087
2.699917	4.670998
2.712768	4.681956
2.725685	4.692963
2.738670	4.704018
2.751722	4.715123
2.764844	4.726277
2.778034	4.737482
2.791294	4.748736
2.804623	4.760041
2.818024	4.771398
2.831495	4.782805
2.845038	4.794265
2.858654	4.805776
2.872342	4.817340
2.886103	4.828958
2.899938	4.840628
2.913848	4.852352
2.927832	4.864130
2.941892	4.875963
2.956028	4.887851
2.970242	4.899795
2.984533	4.911793
2.998901	4.923849
3.013348	4.935961
3.027874	4.948130
3.042480	4.960356
3.057167	4.972641
3.071934	4.984984
3.086784	4.997386
3.101715	5.009847
3.116730	5.022367
3.131829	5.034949
3.147011	5.047591
3.162280	5.060294
3.177633	5.073059
3.193073	5.085886
3.208600	5.098775
3.224215	5.111728
3.239918	5.124744
3.255711	5.137826
3.271594	5.150971
3.287567	5.164182
3.303632	5.177458
3.319789	5.190800
3.336040	5.204210
3.352384	5.217686
3.368823	5.231231
3.385356	5.244844
3.401986	5.258526
3.418713	5.272277
3.435538	5.286099
3.452461	5.299991
3.469484	5.313955
3.486606	5.327990
3.503831	5.342099
3.521156	5.356279
3.538585	5.370534
3.556118	5.384863
3.573755	5.399268
3.591497	5.413747
3.609346	5.428303
3.627303	5.442935
3.645367	5.457646
3.663542	5.472435
3.681825	5.487301
3.700220	5.502248
3.718728	5.517275
3.737349	5.532382
3.756083	5.547572
3.774932	5.562843
3.793898	5.578198
3.812980	5.593636
3.832182	5.609159
3.851502	5.624767
3.870942	5.640461
3.890505	5.656242
3.910189	5.672111
3.929997	5.688067
3.949930	5.704113
3.969989	5.720248
3.990175	5.736474
4.010489	5.752792
4.030933	5.769201
4.051507	5.785705
4.072213	5.802302
4.093052	5.818994
4.114025	5.835781
4.135134	5.852665
4.156379	5.869647
4.177763	5.886727
4.199286	5.903906
4.220949	5.921185
4.242754	5.938566
4.264704	5.956049
4.286797	5.973635
4.309037	5.991325
4.331424	6.009120
4.353961	6.027021
4.376647	6.045029
4.399486	6.063144
4.422478	6.081369
4.445624	6.099704
4.468927	6.118150
4.492388	6.136708
4.516008	6.155380
4.539790	6.174166
4.563733	6.193068
4.587841	6.212086
4.612115	6.231222
4.636557	6.250477
4.661167	6.269853
4.685949	6.289349
4.710903	6.308968
4.736031	6.328711
4.761335	6.348579
4.786818	6.368573
4.812480	6.388695
4.838324	6.408946
4.864352	6.429326
4.890564	6.449839
4.916964	6.470483
4.943553	6.491263
4.970334	6.512177
4.997307	6.533229
5.024477	6.554419
5.051843	6.575748
5.079409	6.597219
5.107176	6.618833
5.135146	6.640592
5.163323	6.662496
5.191708	6.684547
5.220304	6.706747
5.249112	6.729098
5.278134	6.751600
5.307374	6.774257
5.336833	6.797069
5.366516	6.820037
5.396421	6.843165
5.426555	6.866454
5.456917	6.889904
5.487512	6.913518
5.518341	6.937299
5.549407	6.961247
5.580714	6.985365
5.612263	7.009654
5.644058	7.034117
5.676100	7.058754
5.708394	7.083570
5.740941	7.108564
5.773746	7.133740
5.806810	7.159099
5.840137	7.184645
5.873729	7.210378
5.907591	7.236300
5.941725	7.262414
5.976134	7.288723
6.010821	7.315228
6.045792	7.341932
6.081046	7.368837
6.116590	7.395947
6.152426	7.423261
6.188557	7.450784
6.224988	7.478518
6.261721	7.506466
6.298761	7.534631
6.336112	7.563013
6.373776	7.591617
6.411757	7.620445
6.450062	7.649499
6.488693	7.678784
6.527653	7.708300
6.566947	7.738053
6.606581	7.768043
6.646556	7.798275
6.686878	7.828751
6.727553	7.859474
6.768583	7.890448
6.809973	7.921676
6.851729	7.953160
6.893855	7.984905
6.936355	8.016912
6.979235	8.049189
7.022499	8.081735
7.066154	8.114554
7.110203	8.147653
7.154653	8.181031
7.199508	8.214695
7.244773	8.248649
7.290455	8.282895
7.336560	8.317437
7.383093	8.352280
7.430059	8.387428
7.477465	8.422884
7.525317	8.458655
7.573620	8.494742
7.622382	8.531152
7.671608	8.567887
7.721307	8.604954
7.771482	8.642356
7.822143	8.680099
7.873295	8.718185
7.924945	8.756621
7.977101	8.795415
8.029771	8.834566
8.082961	8.874084
8.136679	8.913972
8.190933	8.954236
8.245730	8.994882
8.301080	9.035914
8.356990	9.077339
8.413468	9.119164
8.470523	9.161391
8.528164	9.204031
8.586398	9.247087
8.645238	9.290566
8.704690	9.334475
8.764764	9.378819
8.825470	9.423607
8.886818	9.468845
8.948818	9.514541
9.011480	9.560697
9.074815	9.607327
9.138834	9.654436
9.203546	9.702030
9.268965	9.750119
9.335098	9.798709
9.401961	9.847810
9.469565	9.897429
9.537921	9.947575
9.607042	9.998256
9.676941	10.049482
9.747630	10.101260
9.819122	10.153603
9.891434	10.206516
9.964576	10.260013
10.038562	10.314098
10.113410	10.368788
10.189132	10.424088
10.265745	10.480012
10.343263	10.536571
10.421701	10.593771
10.501080	10.651628
10.581410	10.710153
10.662715	10.769358
10.745006	10.829253
10.828305	10.889853
10.912629	10.951169
10.997995	11.013216
11.084427	11.076006
11.171942	11.139551
11.260558	11.203869
11.350300	11.268971
11.441185	11.334874
11.533237	11.401591
11.626479	11.469140
11.720933	11.537537
11.816621	11.606795
11.913569	11.676934
12.011803	11.747971
12.111345	11.819921
12.212222	11.892803
12.314462	11.966639
12.418092	12.041443
12.523139	12.117238
12.629632	12.194044
12.737603	12.271881
12.847081	12.350768
12.958097	12.430732
13.070684	12.511791
13.184876	12.593970
13.300705	12.677293
13.418206	12.761784
13.537419	12.847466
13.658377	12.934368
13.781119	13.022515
13.905687	13.111937
14.032118	13.202658
14.160455	13.294710
14.290743	13.388122
14.423022	13.482924
14.557342	13.579149
14.693748	13.676831
14.832289	13.775999
14.973015	13.876693
15.115976	13.978947
15.261229	14.082798
15.408824	14.188283
15.558820	14.295444
15.711277	14.404320
15.866254	14.514951
16.023811	14.627385
16.184019	14.741665
16.346939	14.857835
16.512640	14.975947
16.681198	15.096049
16.852684	15.218190
17.027170	15.342428
17.204744	15.468812
17.385479	15.597403
17.569466	15.728260
17.756788	15.861444
17.947536	15.997015
18.141813	16.135042
18.339705	16.275591
18.541319	16.418734
18.746759	16.564543
18.956139	16.713095
19.169565	16.864468
19.387159	17.018747
19.609041	17.176012
19.835340	17.336355
20.066189	17.499868
20.301725	17.666645
20.542086	17.836788
20.787432	18.010399
21.037910	18.187584
21.293686	18.368462
21.554922	18.553146
21.821800	18.741758
22.094507	18.934427
22.373226	19.131289
22.658163	19.332478
22.949524	19.538145
23.247532	19.748432
23.552412	19.963512
23.864403	20.183546
24.183758	20.408705
24.510736	20.639172
24.845613	20.875143
25.188683	21.116816
25.540239	21.364401
25.900608	21.618120
26.270117	21.878204
26.649120	22.144897
27.037987	22.418457
27.437103	22.699154
27.846878	22.987276
28.267744	23.283117
28.700153	23.586996
29.144592	23.899250
29.601562	24.220222
30.071598	24.550299
30.555271	24.889860
31.053175	25.239336
31.565950	25.599159
32.094265	25.969803
32.638844	26.351767
33.200439	26.745579
33.779861	27.151796
34.377972	27.571018
34.995682	28.003891
35.633972	28.451082
36.293884	28.913328
36.976536	29.391401
37.683117	29.886124
38.414902	30.398394
39.173267	30.929159
39.959679	31.479452
40.775719	32.050362
41.623096	32.643082
42.503635	33.258884
43.419331	33.899147
44.372322	34.565369
45.364922	35.259163
46.399662	35.982281
47.479267	36.736618
48.606724	37.524258
49.785267	38.347458
51.018456	39.208679
52.310173	40.110630
53.664677	41.056278
55.086658	42.048882
56.581268	43.092033
58.154228	44.189697
59.811840	45.346279
61.561131	46.566658
63.409901	47.856262
65.366890	49.221176
67.441856	50.668190
69.645813	52.204956
71.991150	53.840107
74.491905	55.583408
77.164055	57.445972
80.025818	59.440495
83.098114	61.581501
86.405045	63.885784
89.974518	66.372772
93.839119	69.065109
98.036949	71.989326
102.613075	75.176788
107.620987	78.664711
113.124825	82.497704
119.202026	86.729691
125.947113	91.426392
133.476501	96.668861
141.935425	102.558151
151.507294	109.221840
162.427124	116.823524
175.001190	125.576263
189.636108	135.763016
206.883606	147.767746
227.511795	162.124847
252.622498	179.601044
283.854675	201.336807
323.757263	229.105713
376.522308	265.824799
449.563751	316.652954
557.348145	391.656464
732.398376	513.465881
1066.240967	745.768738
1954.277588	1363.699341
11514.836914	8016.277832
