11525.250977	-8023.521973
1954.578491	-1363.908325
1066.330811	-745.831116
732.440918	-513.495422
557.372925	-391.673584
449.579926	-316.664124
376.533722	-265.832672
323.765656	-229.111511
283.861176	-201.341278
252.627670	-179.604614
227.516006	-162.127747
206.887100	-147.770157
189.639038	-135.765060
175.003693	-125.578003
162.429306	-116.825020
151.509201	-109.223145
141.937103	-102.559296
133.477997	-96.669876
125.948441	-91.427292
119.203224	-86.730499
113.125900	-82.498436
107.621971	-78.665375
102.613960	-75.177383
98.037773	-71.989883
93.839859	-69.065613
89.975220	-66.373245
86.405685	-63.886219
83.098709	-61.581902
80.026375	-59.440868
77.164574	-57.446320
74.492393	-55.583733
71.991600	-53.840412
69.646240	-52.205242
67.442261	-50.668461
65.367264	-49.221428
63.410259	-47.856503
61.561466	-46.566883
59.812164	-45.346497
58.154537	-44.189899
56.581558	-43.092228
55.086929	-42.049065
53.664936	-41.056450
52.310421	-40.110794
51.018692	-39.208839
49.785496	-38.347603
48.606941	-37.524403
47.479473	-36.736755
46.399860	-35.982410
45.365116	-35.259285
44.372505	-34.565491
43.419510	-33.899269
42.503807	-33.258999
41.623257	-32.643188
40.775879	-32.050468
39.959827	-31.479551
39.173416	-30.929256
38.415047	-30.398485
37.683250	-29.886211
36.976665	-29.391483
36.294010	-28.913412
35.634094	-28.451164
34.995804	-28.003967
34.378086	-27.571095
33.779972	-27.151869
33.200550	-26.745646
32.638947	-26.351835
32.094368	-25.969870
31.566050	-25.599224
31.053270	-25.239397
30.555363	-24.889919
30.071688	-24.550358
29.601650	-24.220280
29.144678	-23.899305
28.700239	-23.587051
28.267826	-23.283171
27.846956	-22.987326
27.437180	-22.699203
27.038061	-22.418507
26.649193	-22.144945
26.270189	-21.878248
25.900679	-21.618162
25.540310	-21.364443
25.188749	-21.116858
24.845680	-20.875183
24.510799	-20.639214
24.183817	-20.408743
23.864466	-20.183584
23.552471	-19.963552
23.247591	-19.748470
22.949583	-19.538179
22.658218	-19.332516
22.373281	-19.131325
22.094559	-18.934462
21.821854	-18.741793
21.554972	-18.553179
21.293734	-18.368492
21.037958	-18.187616
20.787481	-18.010429
20.542135	-17.836817
20.301769	-17.666674
20.066233	-17.499897
19.835384	-17.336384
19.609085	-17.176041
19.387201	-17.018774
19.169607	-16.864494
18.956179	-16.713121
18.746801	-16.564568
18.541359	-16.418758
18.339743	-16.275618
18.141850	-16.135065
17.947577	-15.997038
17.756824	-15.861465
17.569502	-15.728283
17.385515	-15.597426
17.204777	-15.468834
17.027206	-15.342448
16.852716	-15.218211
16.681231	-15.096069
16.512674	-14.975968
16.346972	-14.857856
16.184050	-14.741685
16.023844	-14.627403
15.866284	-14.514971
15.711307	-14.404337
15.558849	-14.295463
15.408852	-14.188301
15.261256	-14.082815
15.116004	-13.978965
14.973042	-13.876711
14.832316	-13.776017
14.693774	-13.676847
14.557368	-13.579166
14.423049	-13.482941
14.290768	-13.388138
14.160480	-13.294725
14.032143	-13.202673
13.905710	-13.111952
13.781143	-13.022532
13.658401	-12.934383
13.537443	-12.847481
13.418231	-12.761797
13.300728	-12.677307
13.184897	-12.593984
13.070707	-12.511805
12.958119	-12.430746
12.847103	-12.350782
12.737625	-12.271894
12.629654	-12.194056
12.523159	-12.117251
12.418112	-12.041456
12.314481	-11.966651
12.212242	-11.892815
12.111364	-11.819933
12.011823	-11.747982
11.913589	-11.676947
11.816641	-11.606808
11.720952	-11.537548
11.626498	-11.469152
11.533257	-11.401604
11.441203	-11.334886
11.350317	-11.268982
11.260576	-11.203879
11.171959	-11.139563
11.084446	-11.076015
10.998013	-11.013226
10.912644	-10.951180
10.828321	-10.889863
10.745022	-10.829264
10.662729	-10.769367
10.581427	-10.710163
10.501095	-10.651639
10.421719	-10.593781
10.343278	-10.536578
10.265759	-10.480021
10.189147	-10.424098
10.113425	-10.368797
10.038577	-10.314109
9.964591	-10.260021
9.891448	-10.206526
9.819138	-10.153611
9.747644	-10.101270
9.676955	-10.049491
9.607056	-9.998264
9.537935	-9.947583
9.469579	-9.897437
9.401975	-9.847818
9.335113	-9.798717
9.268978	-9.750127
9.203560	-9.702038
9.138847	-9.654444
9.074827	-9.607335
9.011493	-9.560705
8.948832	-9.514547
8.886830	-9.468852
8.825482	-9.423615
8.764775	-9.378827
8.704701	-9.334482
8.645250	-9.290573
8.586411	-9.247094
8.528175	-9.204038
8.470534	-9.161398
8.413479	-9.119171
8.357000	-9.077346
8.301091	-9.035921
8.245742	-8.994888
8.190944	-8.954243
8.136689	-8.913979
8.082972	-8.874090
8.029781	-8.834573
7.977112	-8.795421
7.924956	-8.756629
7.873306	-8.718191
7.822153	-8.680104
7.771493	-8.642362
7.721317	-8.604960
7.671618	-8.567893
7.622393	-8.531157
7.573630	-8.494748
7.525327	-8.458660
7.477475	-8.422891
7.430068	-8.387434
7.383102	-8.352286
7.336570	-8.317442
7.290465	-8.282900
7.244783	-8.248654
7.199517	-8.214702
7.154661	-8.181037
7.110212	-8.147658
7.066163	-8.114560
7.022509	-8.081739
6.979244	-8.049194
6.936364	-8.016919
6.893863	-7.984910
6.851737	-7.953165
6.809981	-7.921680
6.768591	-7.890452
6.727561	-7.859479
6.686887	-7.828755
6.646564	-7.798280
6.606588	-7.768048
6.566956	-7.738058
6.527661	-7.708306
6.488700	-7.678789
6.450071	-7.649504
6.411766	-7.620450
6.373784	-7.591621
6.336119	-7.563018
6.298769	-7.534635
6.261729	-7.506471
6.224996	-7.478523
6.188565	-7.450789
6.152433	-7.423266
6.116598	-7.395951
6.081054	-7.368842
6.045799	-7.341936
6.010829	-7.315232
5.976141	-7.288727
5.941732	-7.262418
5.907598	-7.236304
5.873736	-7.210381
5.840144	-7.184649
5.806817	-7.159104
5.773752	-7.133744
5.740948	-7.108568
5.708401	-7.083574
5.676106	-7.058759
5.644064	-7.034121
5.612269	-7.009658
5.580720	-6.985369
5.549414	-6.961251
5.518348	-6.937303
5.487518	-6.913522
5.456923	-6.889908
5.426561	-6.866457
5.396428	-6.843169
5.366521	-6.820042
5.336840	-6.797072
5.307380	-6.774261
5.278141	-6.751604
5.249117	-6.729101
5.220310	-6.706751
5.191714	-6.684550
5.163330	-6.662499
5.135152	-6.640595
5.107182	-6.618837
5.079414	-6.597223
5.051848	-6.575752
5.024483	-6.554422
4.997313	-6.533232
4.970340	-6.512180
4.943559	-6.491266
4.916970	-6.470486
4.890570	-6.449841
4.864357	-6.429329
4.838330	-6.408948
4.812486	-6.388698
4.786823	-6.368576
4.761341	-6.348582
4.736036	-6.328714
4.710908	-6.308971
4.685954	-6.289352
4.661172	-6.269855
4.636561	-6.250481
4.612120	-6.231225
4.587846	-6.212089
4.563738	-6.193071
4.539794	-6.174170
4.516013	-6.155383
4.492393	-6.136712
4.468933	-6.118153
4.445629	-6.099707
4.422482	-6.081372
4.399491	-6.063148
4.376652	-6.045031
4.353965	-6.027024
4.331429	-6.009123
4.309042	-5.991328
4.286802	-5.973638
4.264708	-5.956052
4.242759	-5.938570
4.220953	-5.921188
4.199290	-5.903909
4.177767	-5.886730
4.156384	-5.869650
4.135138	-5.852668
4.114029	-5.835783
4.093056	-5.818996
4.072217	-5.802304
4.051512	-5.785707
4.030937	-5.769204
4.010493	-5.752794
3.990180	-5.736477
3.969994	-5.720251
3.949935	-5.704115
3.930002	-5.688070
3.910193	-5.672113
3.890509	-5.656245
3.870947	-5.640464
3.851506	-5.624770
3.832186	-5.609162
3.812985	-5.593639
3.793902	-5.578200
3.774936	-5.562846
3.756087	-5.547574
3.737352	-5.532385
3.718732	-5.517277
3.700224	-5.502250
3.681829	-5.487304
3.663545	-5.472436
3.645371	-5.457648
3.627307	-5.442937
3.609351	-5.428305
3.591501	-5.413749
3.573759	-5.399270
3.556121	-5.384866
3.538589	-5.370537
3.521161	-5.356282
3.503834	-5.342101
3.486610	-5.327993
3.469487	-5.313957
3.452464	-5.299994
3.435541	-5.286101
3.418717	-5.272280
3.401990	-5.258528
3.385360	-5.244846
3.368826	-5.231233
3.352387	-5.217689
3.336043	-5.204212
3.319793	-5.190802
3.303636	-5.177460
3.287571	-5.164184
3.271597	-5.150973
3.255715	-5.137828
3.239922	-5.124747
3.224219	-5.111731
3.208603	-5.098777
3.193076	-5.085888
3.177636	-5.073061
3.162282	-5.060296
3.147015	-5.047593
3.131832	-5.034951
3.116734	-5.022369
3.101719	-5.009849
3.086787	-4.997387
3.071938	-4.984986
3.057170	-4.972643
3.042484	-4.960358
3.027878	-4.948132
3.013351	-4.935963
2.998904	-4.923851
2.984536	-4.911795
2.970245	-4.899796
2.956032	-4.887853
2.941895	-4.875965
2.927835	-4.864132
2.913851	-4.852354
2.899941	-4.840630
2.886106	-4.828959
2.872344	-4.817342
2.858657	-4.805778
2.845041	-4.794266
2.831498	-4.782807
2.818027	-4.771399
2.804626	-4.760043
2.791296	-4.748738
2.778037	-4.737484
2.764847	-4.726279
2.751725	-4.715125
2.738672	-4.704020
2.725688	-4.692964
2.712770	-4.681957
2.699920	-4.671000
2.687136	-4.660089
2.674418	-4.649227
2.661766	-4.638412
2.649179	-4.627644
2.636656	-4.616924
2.624197	-4.606249
2.611802	-4.595620
2.599470	-4.585038
2.587201	-4.574501
2.574994	-4.564009
2.562849	-4.553562
2.550765	-4.543159
2.538742	-4.532801
2.526779	-4.522487
2.514877	-4.512216
2.503034	-4.501988
2.491250	-4.491803
2.479526	-4.481662
2.467859	-4.471562
2.456250	-4.461505
2.444699	-4.451489
2.433205	-4.441515
2.421768	-4.431582
2.410387	-4.421691
2.399061	-4.411840
2.387792	-4.402030
2.376578	-4.392259
2.365418	-4.382529
2.354313	-4.372838
2.343262	-4.363186
2.332264	-4.353574
2.321320	-4.344000
2.310429	-4.334465
2.299590	-4.324968
2.288803	-4.315510
2.278068	-4.306089
2.267385	-4.296706
2.256753	-4.287360
2.246171	-4.278050
2.235640	-4.268778
2.225159	-4.259543
2.214728	-4.250344
2.204347	-4.241181
2.194014	-4.232054
2.183730	-4.222962
2.173495	-4.213906
2.163307	-4.204885
2.153168	-4.195899
2.143076	-4.186948
2.133031	-4.178031
2.123033	-4.169149
2.113082	-4.160300
2.103177	-4.151486
2.093317	-4.142705
2.083504	-4.133958
2.073735	-4.125244
2.064012	-4.116562
2.054333	-4.107914
2.044699	-4.099298
2.035110	-4.090714
2.025564	-4.082163
2.016061	-4.073644
2.006602	-4.065156
1.997186	-4.056701
1.987813	-4.048276
1.978482	-4.039883
1.969193	-4.031520
1.959947	-4.023190
1.950742	-4.014888
1.941579	-4.006618
1.932456	-3.998378
1.923375	-3.990168
1.914334	-3.981988
1.905333	-3.973837
1.896373	-3.965716
1.887453	-3.957624
1.878572	-3.949562
1.869730	-3.941529
1.860928	-3.933524
1.852165	-3.925548
1.843440	-3.917600
1.834754	-3.909681
1.826105	-3.901790
1.817495	-3.893927
1.808923	-3.886091
1.800387	-3.878284
1.791890	-3.870504
1.783429	-3.862751
1.775005	-3.855025
1.766617	-3.847326
1.758266	-3.839654
1.749951	-3.832009
1.741672	-3.824390
1.733428	-3.816798
1.725220	-3.809232
1.717047	-3.801691
1.708910	-3.794177
1.700807	-3.786689
1.692739	-3.779226
1.684705	-3.771789
1.676705	-3.764376
1.668739	-3.756989
1.660807	-3.749627
1.652909	-3.742290
1.645044	-3.734978
1.637213	-3.727690
1.629414	-3.720427
1.621648	-3.713188
1.613915	-3.705973
1.606214	-3.698783
1.598545	-3.691616
1.590909	-3.684473
1.583304	-3.677354
1.575731	-3.670258
1.568189	-3.663185
1.560679	-3.656136
1.553200	-3.649110
1.545751	-3.642106
1.538334	-3.635126
1.530947	-3.628168
1.523591	-3.621233
1.516264	-3.614321
1.508968	-3.607431
1.501702	-3.600563
1.494465	-3.593717
1.487259	-3.586894
1.480081	-3.580091
1.472932	-3.573311
1.465813	-3.566553
1.458722	-3.559816
1.451661	-3.553100
1.444627	-3.546406
1.437623	-3.539733
1.430646	-3.533081
1.423698	-3.526449
1.416777	-3.519839
1.409884	-3.513249
1.403019	-3.506680
1.396181	-3.500132
1.389371	-3.493603
1.382587	-3.487095
1.375831	-3.480608
1.369101	-3.474140
1.362399	-3.467692
1.355722	-3.461265
1.349072	-3.454856
1.342449	-3.448468
1.335851	-3.442099
1.329280	-3.435750
1.322734	-3.429419
1.316214	-3.423108
1.309720	-3.416817
1.303251	-3.410544
1.296807	-3.404290
1.290388	-3.398055
1.283995	-3.391839
1.277626	-3.385641
1.271282	-3.379462
1.264963	-3.373301
1.258668	-3.367159
1.252397	-3.361035
1.246151	-3.354929
1.239928	-3.348841
1.233730	-3.342772
1.227555	-3.336719
1.221404	-3.330686
1.215277	-3.324669
1.209173	-3.318670
1.203093	-3.312689
1.197035	-3.306725
1.191001	-3.300778
1.184989	-3.294849
1.179001	-3.288937
1.173035	-3.283042
1.167092	-3.277164
1.161171	-3.271303
1.155272	-3.265459
1.149396	-3.259631
1.143542	-3.253821
1.137710	-3.248026
1.131900	-3.242249
1.126111	-3.236487
1.120345	-3.230742
1.114599	-3.225013
1.108876	-3.219301
1.103173	-3.213605
1.097492	-3.207924
1.091832	-3.202260
1.086193	-3.196611
1.080575	-3.190978
1.074977	-3.185361
1.069400	-3.179760
1.063844	-3.174174
1.058308	-3.168603
1.052793	-3.163048
1.047298	-3.157508
1.041823	-3.151984
1.036368	-3.146474
1.030933	-3.140980
1.025518	-3.135501
1.020123	-3.130037
1.014747	-3.124588
1.009391	-3.119153
1.004055	-3.113734
0.998737	-3.108329
0.993439	-3.102938
0.988161	-3.097562
0.982901	-3.092201
0.977660	-3.086854
0.972438	-3.081521
0.967235	-3.076203
0.962051	-3.070898
0.956885	-3.065608
0.951738	-3.060332
0.946609	-3.055070
0.941499	-3.049822
0.936406	-3.044588
0.931332	-3.039367
0.926276	-3.034161
0.921238	-3.028968
0.916218	-3.023788
0.911216	-3.018622
0.906231	-3.013470
0.901264	-3.008331
0.896315	-3.003206
0.891383	-2.998093
0.886468	-2.992994
0.881571	-2.987909
0.876691	-2.982836
0.871828	-2.977776
0.866982	-2.972729
0.862153	-2.967696
0.857341	-2.962675
0.852545	-2.957667
0.847767	-2.952672
0.843005	-2.947689
0.838260	-2.942719
0.833531	-2.937762
0.828818	-2.932817
0.824122	-2.927885
0.819442	-2.922965
0.814778	-2.918057
0.810131	-2.913162
0.805499	-2.908279
0.800884	-2.903409
0.796284	-2.898550
0.791700	-2.893703
0.787131	-2.888869
0.782579	-2.884046
0.778042	-2.879236
0.773520	-2.874437
0.769014	-2.869650
0.764523	-2.864875
0.760048	-2.860112
0.755588	-2.855360
0.751143	-2.850620
0.746713	-2.845892
0.742298	-2.841175
0.737898	-2.836469
0.733512	-2.831775
0.729142	-2.827092
0.724786	-2.822421
0.720445	-2.817760
0.716119	-2.813112
0.711807	-2.808474
0.707509	-2.803847
0.703226	-2.799232
0.698958	-2.794627
0.694703	-2.790034
0.690463	-2.785451
0.686237	-2.780879
0.682025	-2.776318
0.677827	-2.771768
0.673643	-2.767228
0.669473	-2.762700
0.665316	-2.758182
0.661174	-2.753675
0.657045	-2.749177
0.652930	-2.744691
0.648828	-2.740215
0.644740	-2.735750
0.640665	-2.731294
0.636604	-2.726850
0.632556	-2.722415
0.628521	-2.717991
0.624500	-2.713577
0.620492	-2.709173
0.616497	-2.704780
0.612514	-2.700396
0.608545	-2.696023
0.604589	-2.691658
0.600646	-2.687305
0.596715	-2.682961
0.592797	-2.678627
0.588892	-2.674304
0.585000	-2.669989
0.581120	-2.665685
0.577253	-2.661390
0.573398	-2.657105
0.569556	-2.652829
0.565726	-2.648563
0.561908	-2.644307
0.558103	-2.640060
0.554309	-2.635823
0.550528	-2.631595
0.546759	-2.627376
0.543003	-2.623167
0.539258	-2.618967
0.535525	-2.614776
0.531804	-2.610595
0.528095	-2.606423
0.524397	-2.602260
0.520712	-2.598106
0.517038	-2.593961
0.513376	-2.589825
0.509725	-2.585699
0.506086	-2.581581
0.502458	-2.577472
0.498842	-2.573372
0.495237	-2.569281
0.491644	-2.565199
0.488062	-2.561126
0.484491	-2.557061
0.480932	-2.553005
0.477383	-2.548958
0.473846	-2.544920
0.470320	-2.540890
0.466805	-2.536869
0.463300	-2.532856
0.459807	-2.528852
0.456325	-2.524856
0.452853	-2.520869
0.449392	-2.516890
0.445942	-2.512919
0.442503	-2.508957
0.439075	-2.505004
0.435657	-2.501058
0.432249	-2.497121
0.428852	-2.493192
0.425466	-2.489271
0.422090	-2.485359
0.418725	-2.481454
0.415370	-2.477558
0.412025	-2.473670
0.408690	-2.469790
0.405366	-2.465917
0.402052	-2.462053
0.398748	-2.458196
0.395454	-2.454348
0.392170	-2.450507
0.388896	-2.446675
0.385632	-2.442850
0.382379	-2.439033
0.379135	-2.435223
0.375901	-2.431422
0.372676	-2.427628
0.369462	-2.423842
0.366257	-2.420063
0.363062	-2.416292
0.359877	-2.412529
0.356701	-2.408773
0.353535	-2.405025
0.350378	-2.401284
0.347231	-2.397551
0.344094	-2.393825
0.340966	-2.390106
0.337847	-2.386395
0.334738	-2.382691
0.331638	-2.378995
0.328547	-2.375306
0.325466	-2.371624
0.322393	-2.367949
0.319330	-2.364282
0.316276	-2.360622
0.313231	-2.356969
0.310196	-2.353323
0.307169	-2.349684
0.304151	-2.346053
0.301143	-2.342428
0.298143	-2.338811
0.295152	-2.335200
0.292170	-2.331596
0.289197	-2.328000
0.286232	-2.324410
0.283276	-2.320827
0.280330	-2.317251
0.277391	-2.313682
0.274462	-2.310120
0.271541	-2.306565
0.268628	-2.303016
0.265725	-2.299474
0.262829	-2.295939
0.259942	-2.292411
0.257064	-2.288889
0.254194	-2.285374
0.251333	-2.281865
0.248479	-2.278363
0.245635	-2.274868
0.242798	-2.271379
0.239970	-2.267897
0.237150	-2.264421
0.234338	-2.260952
0.231534	-2.257489
0.228739	-2.254033
0.225951	-2.250583
0.223172	-2.247139
0.220401	-2.243702
0.217637	-2.240271
0.214882	-2.236847
0.212135	-2.233429
0.209395	-2.230017
0.206664	-2.226611
0.203940	-2.223212
0.201224	-2.219819
0.198516	-2.216432
0.195816	-2.213051
0.193124	-2.209676
0.190439	-2.206307
0.187762	-2.202945
0.185093	-2.199589
0.182431	-2.196238
0.179777	-2.192894
0.177130	-2.189556
0.174491	-2.186224
0.171860	-2.182897
0.169236	-2.179577
0.166619	-2.176262
0.164010	-2.172954
0.161408	-2.169651
0.158814	-2.166354
0.156227	-2.163063
0.153647	-2.159778
0.151075	-2.156499
0.148510	-2.153225
0.145952	-2.149958
0.143402	-2.146696
0.140859	-2.143440
0.138322	-2.140189
0.135793	-2.136944
0.133272	-2.133705
0.130757	-2.130471
0.128249	-2.127243
0.125748	-2.124021
0.123255	-2.120804
0.120768	-2.117593
0.118288	-2.114387
0.115815	-2.111187
0.113349	-2.107993
0.110890	-2.104804
0.108438	-2.101620
0.105993	-2.098442
0.103555	-2.095269
0.101123	-2.092102
0.098698	-2.088940
0.096280	-2.085783
0.093869	-2.082632
0.091464	-2.079486
0.089066	-2.076346
0.086674	-2.073210
0.084290	-2.070081
0.081911	-2.066956
0.079540	-2.063836
0.077175	-2.060722
0.074816	-2.057613
0.072464	-2.054510
0.070119	-2.051411
0.067780	-2.048318
0.065447	-2.045229
0.063121	-2.042146
0.060801	-2.039068
0.058487	-2.035995
0.056180	-2.032928
0.053880	-2.029865
0.051585	-2.026807
0.049297	-2.023754
0.047015	-2.020707
0.044739	-2.017664
0.042470	-2.014626
0.040207	-2.011594
0.037949	-2.008566
0.035699	-2.005543
0.033454	-2.002525
0.031215	-1.999512
0.028982	-1.996503
0.026756	-1.993500
0.024535	-1.990502
0.022321	-1.987508
0.020112	-1.984519
0.017910	-1.981535
0.015714	-1.978556
0.013523	-1.975581
0.011338	-1.972611
0.009160	-1.969646
0.006987	-1.966686
0.004820	-1.963730
0.002659	-1.960780
0.000503	-1.957833
-0.001646	-1.954892
-0.003790	-1.951955
-0.005928	-1.949022
-0.008060	-1.946095
-0.010187	-1.943172
-0.012307	-1.940253
-0.014423	-1.937339
-0.016532	-1.934430
-0.018636	-1.931525
-0.020734	-1.928624
-0.022826	-1.925728
-0.024913	-1.922837
-0.026995	-1.919950
-0.029071	-1.917068
-0.031141	-1.914190
-0.033206	-1.911316
-0.035265	-1.908447
-0.037319	-1.905583
-0.039367	-1.902722
-0.041410	-1.899866
-0.043447	-1.897015
-0.045480	-1.894167
-0.047506	-1.891325
-0.049527	-1.888486
-0.051543	-1.885652
-0.053554	-1.882822
-0.055559	-1.879996
-0.057559	-1.877175
-0.059554	-1.874357
-0.061543	-1.871545
-0.063528	-1.868736
-0.065507	-1.865932
-0.067480	-1.863131
-0.069449	-1.860335
-0.071412	-1.857543
-0.073370	-1.854755
-0.075323	-1.851972
-0.077271	-1.849192
-0.079214	-1.846417
-0.081152	-1.843646
-0.083084	-1.840878
-0.085012	-1.838115
-0.086935	-1.835356
-0.088852	-1.832601
-0.090765	-1.829851
-0.092672	-1.827104
-0.094574	-1.824361
-0.096472	-1.821622
-0.098365	-1.818887
-0.100252	-1.816156
-0.102135	-1.813429
-0.104013	-1.810706
-0.105886	-1.807987
-0.107754	-1.805272
-0.109617	-1.802561
-0.111475	-1.799854
-0.113329	-1.797150
-0.115178	-1.794451
-0.117021	-1.791755
-0.118861	-1.789063
-0.120695	-1.786375
-0.122525	-1.783691
-0.124350	-1.781011
-0.126170	-1.778334
-0.127985	-1.775662
-0.129796	-1.772993
-0.131602	-1.770328
-0.133404	-1.767666
-0.135201	-1.765009
-0.136993	-1.762355
-0.138780	-1.759705
-0.140563	-1.757058
-0.142342	-1.754416
-0.144115	-1.751777
-0.145885	-1.749141
-0.147649	-1.746510
-0.149410	-1.743882
-0.151165	-1.741257
-0.152916	-1.738636
-0.154663	-1.736019
-0.156405	-1.733406
-0.158143	-1.730796
-0.159876	-1.728190
-0.161605	-1.725587
-0.163330	-1.722988
-0.165050	-1.720392
-0.166765	-1.717800
-0.168477	-1.715212
-0.170184	-1.712627
-0.171886	-1.710045
-0.173584	-1.707467
-0.175278	-1.704893
-0.176968	-1.702322
-0.178653	-1.699754
-0.180334	-1.697191
-0.182011	-1.694630
-0.183684	-1.692073
-0.185352	-1.689519
-0.187016	-1.686969
-0.188676	-1.684422
-0.190331	-1.681879
-0.191983	-1.679339
-0.193630	-1.676802
-0.195273	-1.674268
-0.196912	-1.671739
-0.198547	-1.669212
-0.200177	-1.666689
-0.201804	-1.664169
-0.203426	-1.661652
-0.205044	-1.659139
-0.206659	-1.656629
-0.208269	-1.654122
-0.209875	-1.651619
-0.211477	-1.649119
-0.213075	-1.646622
-0.214669	-1.644128
-0.216259	-1.641638
-0.217845	-1.639151
-0.219427	-1.636667
-0.221005	-1.634186
-0.222579	-1.631709
-0.224149	-1.629234
-0.225716	-1.626763
-0.227278	-1.624295
-0.228836	-1.621830
-0.230391	-1.619368
-0.231941	-1.616910
-0.233488	-1.614455
-0.235031	-1.612002
-0.236570	-1.609553
-0.238105	-1.607107
-0.239636	-1.604665
-0.241164	-1.602225
-0.242687	-1.599788
-0.244207	-1.597354
-0.245723	-1.594924
-0.247236	-1.592496
-0.248744	-1.590072
-0.250249	-1.587650
-0.251750	-1.585232
-0.253247	-1.582816
-0.254741	-1.580404
-0.256231	-1.577995
-0.257717	-1.575589
-0.259199	-1.573185
-0.260678	-1.570785
-0.262153	-1.568387
-0.263625	-1.565993
-0.265092	-1.563601
-0.266557	-1.561213
-0.268017	-1.558827
-0.269474	-1.556444
-0.270927	-1.554065
-0.272377	-1.551687
-0.273823	-1.549313
-0.275266	-1.546942
-0.276705	-1.544574
-0.278140	-1.542209
-0.279572	-1.539846
-0.281001	-1.537487
-0.282425	-1.535130
-0.283847	-1.532776
-0.285265	-1.530425
-0.286679	-1.528077
-0.288090	-1.525731
-0.289497	-1.523388
-0.290901	-1.521049
-0.292302	-1.518712
-0.293699	-1.516377
-0.295092	-1.514046
-0.296482	-1.511717
-0.297869	-1.509391
-0.299252	-1.507068
-0.300632	-1.504747
-0.302009	-1.502429
-0.303382	-1.500115
-0.304752	-1.497802
-0.306118	-1.495493
-0.307481	-1.493186
-0.308841	-1.490882
-0.310198	-1.488580
-0.311551	-1.486281
-0.312900	-1.483985
-0.314247	-1.481692
-0.315590	-1.479401
-0.316930	-1.477113
-0.318267	-1.474827
-0.319600	-1.472544
-0.320930	-1.470264
-0.322257	-1.467987
-0.323580	-1.465712
-0.324901	-1.463439
-0.326218	-1.461169
-0.327532	-1.458902
-0.328843	-1.456638
-0.330150	-1.454376
-0.331455	-1.452116
-0.332756	-1.449859
-0.334054	-1.447605
-0.335349	-1.445353
-0.336640	-1.443104
-0.337929	-1.440857
-0.339214	-1.438613
-0.340497	-1.436371
-0.341776	-1.434132
-0.343052	-1.431896
-0.344325	-1.429662
-0.345595	-1.427430
-0.346861	-1.425201
-0.348125	-1.422974
-0.349386	-1.420750
-0.350643	-1.418528
-0.351898	-1.416309
-0.353149	-1.414092
-0.354398	-1.411878
-0.355643	-1.409666
-0.356886	-1.407456
-0.358125	-1.405249
-0.359361	-1.403044
-0.360595	-1.400842
-0.361825	-1.398642
-0.363052	-1.396445
-0.364277	-1.394250
-0.365498	-1.392057
-0.366717	-1.389866
-0.367933	-1.387678
-0.369145	-1.385493
-0.370355	-1.383310
-0.371562	-1.381129
-0.372766	-1.378950
-0.373967	-1.376774
-0.375165	-1.374600
-0.376360	-1.372429
-0.377552	-1.370259
-0.378741	-1.368092
-0.379928	-1.365928
-0.381112	-1.363765
-0.382292	-1.361605
-0.383470	-1.359448
-0.384646	-1.357292
-0.385818	-1.355139
-0.386987	-1.352988
-0.388154	-1.350839
-0.389318	-1.348693
-0.390479	-1.346549
-0.391637	-1.344407
-0.392792	-1.342267
-0.393945	-1.340130
-0.395095	-1.337994
-0.396242	-1.335861
-0.397387	-1.333731
-0.398528	-1.331602
-0.399667	-1.329476
-0.400803	-1.327351
-0.401936	-1.325229
-0.403067	-1.323109
-0.404195	-1.320992
-0.405320	-1.318876
-0.406443	-1.316763
-0.407563	-1.314652
-0.408680	-1.312543
-0.409794	-1.310436
-0.410906	-1.308331
-0.412015	-1.306229
-0.413122	-1.304128
-0.414225	-1.302030
-0.415327	-1.299933
-0.416425	-1.297839
-0.417521	-1.295747
-0.418614	-1.293657
-0.419705	-1.291569
-0.420793	-1.289484
-0.421878	-1.287400
-0.422961	-1.285318
-0.424041	-1.283239
-0.425119	-1.281161
-0.426194	-1.279086
-0.427266	-1.277012
-0.428336	-1.274941
-0.429403	-1.272872
-0.430468	-1.270805
-0.431530	-1.268739
-0.432590	-1.266676
-0.433647	-1.264615
-0.434701	-1.262556
-0.435753	-1.260499
-0.436803	-1.258444
-0.437850	-1.256391
-0.438894	-1.254340
-0.439936	-1.252290
-0.440976	-1.250243
-0.442013	-1.248198
-0.443047	-1.246155
-0.444079	-1.244113
-0.445109	-1.242074
-0.446136	-1.240037
-0.447160	-1.238001
-0.448183	-1.235968
-0.449202	-1.233936
-0.450220	-1.231907
-0.451234	-1.229879
-0.452247	-1.227853
-0.453257	-1.225829
-0.454264	-1.223808
-0.455270	-1.221788
-0.456272	-1.219770
-0.457273	-1.217753
-0.458271	-1.215739
-0.459266	-1.213727
-0.460259	-1.211716
-0.461250	-1.209707
-0.462239	-1.207701
-0.463225	-1.205696
-0.464208	-1.203693
-0.465190	-1.201692
-0.466169	-1.199692
-0.467146	-1.197695
-0.468120	-1.195699
-0.469092	-1.193705
-0.470062	-1.191713
-0.471029	-1.189723
-0.471994	-1.187735
-0.472957	-1.185748
-0.473917	-1.183764
-0.474875	-1.181781
-0.475831	-1.179799
-0.476785	-1.177820
-0.477736	-1.175843
-0.478685	-1.173867
-0.479631	-1.171893
-0.480576	-1.169921
-0.481518	-1.167950
-0.482458	-1.165982
-0.483396	-1.164015
-0.484331	-1.162050
-0.485264	-1.160086
-0.486195	-1.158125
-0.487124	-1.156165
-0.488050	-1.154207
-0.488975	-1.152250
-0.489897	-1.150296
-0.490817	-1.148343
-0.491734	-1.146392
-0.492650	-1.144442
-0.493563	-1.142494
-0.494474	-1.140548
-0.495383	-1.138604
-0.496290	-1.136661
-0.497194	-1.134720
-0.498096	-1.132781
-0.498997	-1.130843
-0.499895	-1.128908
-0.500791	-1.126973
-0.501684	-1.125041
-0.502576	-1.123110
-0.503465	-1.121181
-0.504353	-1.119253
-0.505238	-1.117327
-0.506121	-1.115403
-0.507002	-1.113480
-0.507881	-1.111559
-0.508757	-1.109640
-0.509632	-1.107722
-0.510504	-1.105806
-0.511375	-1.103891
-0.512243	-1.101979
-0.513109	-1.100067
-0.513973	-1.098158
-0.514835	-1.096250
-0.515695	-1.094343
-0.516553	-1.092439
-0.517409	-1.090535
-0.518263	-1.088634
-0.519115	-1.086734
-0.519965	-1.084835
-0.520812	-1.082938
-0.521658	-1.081043
-0.522501	-1.079149
-0.523343	-1.077257
-0.524182	-1.075366
-0.525020	-1.073477
-0.525855	-1.071590
-0.526689	-1.069704
-0.527520	-1.067819
-0.528350	-1.065936
-0.529177	-1.064055
-0.530003	-1.062175
-0.530826	-1.060297
-0.531647	-1.058420
-0.532467	-1.056545
-0.533284	-1.054671
-0.534100	-1.052799
-0.534913	-1.050928
-0.535725	-1.049059
-0.536535	-1.047191
-0.537342	-1.045325
-0.538148	-1.043460
-0.538952	-1.041597
-0.539754	-1.039735
-0.540554	-1.037874
-0.541351	-1.036015
-0.542148	-1.034158
-0.542942	-1.032302
-0.543734	-1.030448
-0.544524	-1.028595
-0.545312	-1.026743
-0.546099	-1.024893
-0.546883	-1.023044
-0.547666	-1.021197
-0.548446	-1.019351
-0.549225	-1.017507
-0.550002	-1.015664
-0.550777	-1.013823
-0.551550	-1.011983
-0.552322	-1.010144
-0.553091	-1.008307
-0.553859	-1.006471
-0.554624	-1.004637
-0.555388	-1.002804
-0.556150	-1.000972
-0.556910	-0.999142
-0.557668	-0.997313
-0.558425	-0.995486
-0.559179	-0.993660
-0.559932	-0.991835
-0.560683	-0.990012
-0.561432	-0.988190
-0.562179	-0.986369
-0.562924	-0.984550
-0.563668	-0.982732
-0.564409	-0.980916
-0.565149	-0.979101
-0.565887	-0.977287
-0.566624	-0.975475
-0.567358	-0.973664
-0.568091	-0.971854
-0.568822	-0.970046
-0.569551	-0.968238
-0.570278	-0.966433
-0.571004	-0.964628
-0.571728	-0.962825
-0.572450	-0.961024
-0.573170	-0.959223
-0.573888	-0.957424
-0.574605	-0.955626
-0.575320	-0.953830
-0.576033	-0.952035
-0.576744	-0.950241
-0.577454	-0.948448
-0.578162	-0.946657
-0.578868	-0.944867
-0.579572	-0.943078
-0.580275	-0.941291
-0.580976	-0.939505
-0.581675	-0.937720
-0.582372	-0.935936
-0.583068	-0.934154
-0.583762	-0.932373
-0.584455	-0.930593
-0.585145	-0.928814
-0.585834	-0.927037
-0.586521	-0.925261
-0.587207	-0.923486
-0.587890	-0.921713
-0.588572	-0.919940
-0.589253	-0.918169
-0.589931	-0.916399
-0.590608	-0.914631
-0.591284	-0.912863
-0.591957	-0.911097
-0.592629	-0.909332
-0.593300	-0.907569
-0.593968	-0.905806
-0.594635	-0.904045
-0.595300	-0.902285
-0.595964	-0.900526
-0.596626	-0.898768
-0.597286	-0.897012
-0.597945	-0.895256
-0.598602	-0.893502
-0.599257	-0.891749
-0.599911	-0.889997
-0.600563	-0.888247
-0.601214	-0.886498
-0.601862	-0.884749
-0.602510	-0.883002
-0.603155	-0.881256
-0.603799	-0.879512
-0.604441	-0.877768
-0.605082	-0.876026
-0.605721	-0.874285
-0.606359	-0.872545
-0.606995	-0.870806
-0.607629	-0.869068
-0.608261	-0.867331
-0.608893	-0.865596
-0.609522	-0.863861
-0.610150	-0.862128
-0.610776	-0.860396
-0.611401	-0.858665
-0.612024	-0.856935
-0.612646	-0.855207
-0.613265	-0.853479
-0.613884	-0.851753
-0.614501	-0.850027
-0.615116	-0.848303
-0.615730	-0.846580
-0.616342	-0.844858
-0.616952	-0.843137
-0.617561	-0.841417
-0.618169	-0.839698
-0.618774	-0.837980
-0.619379	-0.836264
-0.619982	-0.834548
-0.620583	-0.832834
-0.621183	-0.831121
-0.621781	-0.829408
-0.622377	-0.827697
-0.622972	-0.825987
-0.623566	-0.824278
-0.624158	-0.822570
-0.624749	-0.820863
-0.625338	-0.819157
-0.625925	-0.817452
-0.626511	-0.815749
-0.627096	-0.814046
-0.627678	-0.812344
-0.628260	-0.810644
-0.628840	-0.808944
-0.629418	-0.807246
-0.629995	-0.805548
-0.630571	-0.803852
-0.631145	-0.802156
-0.631717	-0.800462
-0.632288	-0.798769
-0.632857	-0.797076
-0.633425	-0.795385
-0.633992	-0.793694
-0.634557	-0.792005
-0.635120	-0.790317
-0.635683	-0.788630
-0.636243	-0.786943
-0.636802	-0.785258
-0.637360	-0.783574
-0.637916	-0.781890
-0.638471	-0.780208
-0.639024	-0.778527
-0.639576	-0.776846
-0.640127	-0.775167
-0.640675	-0.773489
-0.641223	-0.771811
-0.641769	-0.770135
-0.642314	-0.768460
-0.642857	-0.766785
-0.643399	-0.765112
-0.643939	-0.763439
-0.644478	-0.761767
-0.645015	-0.760097
-0.645551	-0.758427
-0.646086	-0.756758
-0.646619	-0.755091
-0.647151	-0.753424
-0.647681	-0.751758
-0.648210	-0.750093
-0.648737	-0.748429
-0.649263	-0.746766
-0.649788	-0.745104
-0.650311	-0.743443
-0.650833	-0.741783
-0.651354	-0.740123
-0.651873	-0.738465
-0.652390	-0.736807
-0.652907	-0.735151
-0.653421	-0.733495
-0.653935	-0.731841
-0.654447	-0.730187
-0.654958	-0.728534
-0.655467	-0.726882
-0.655975	-0.725231
-0.656482	-0.723581
-0.656987	-0.721931
-0.657491	-0.720283
-0.657993	-0.718635
-0.658494	-0.716989
-0.658994	-0.715343
-0.659492	-0.713698
-0.659989	-0.712054
-0.660485	-0.710411
-0.660979	-0.708769
-0.661472	-0.707128
-0.661964	-0.705487
-0.662454	-0.703848
-0.662942	-0.702209
-0.663430	-0.700571
-0.663916	-0.698934
-0.664401	-0.697298
-0.664884	-0.695663
-0.665367	-0.694029
-0.665847	-0.692395
-0.666327	-0.690762
-0.666805	-0.689130
-0.667282	-0.687499
-0.667757	-0.685869
-0.668231	-0.684240
-0.668704	-0.682611
-0.669176	-0.680984
-0.669646	-0.679357
-0.670115	-0.677731
-0.670582	-0.676106
-0.671048	-0.674482
-0.671513	-0.672858
-0.671977	-0.671235
-0.672439	-0.669613
-0.672900	-0.667992
-0.673360	-0.666372
-0.673818	-0.664753
-0.674275	-0.663134
-0.674731	-0.661516
-0.675186	-0.659899
-0.675639	-0.658283
-0.676091	-0.656668
-0.676541	-0.655053
-0.676991	-0.653439
-0.677439	-0.651826
-0.677885	-0.650214
-0.678331	-0.648603
-0.678775	-0.646992
-0.679218	-0.645382
-0.679660	-0.643773
-0.680100	-0.642165
-0.680539	-0.640557
-0.680977	-0.638950
-0.681413	-0.637344
-0.681849	-0.635739
-0.682283	-0.634134
-0.682715	-0.632531
-0.683147	-0.630928
-0.683577	-0.629326
-0.684006	-0.627724
-0.684434	-0.626123
-0.684860	-0.624523
-0.685285	-0.622924
-0.685709	-0.621326
-0.686132	-0.619728
-0.686554	-0.618131
-0.686974	-0.616535
-0.687393	-0.614940
-0.687810	-0.613345
-0.688227	-0.611751
-0.688642	-0.610157
-0.689056	-0.608565
-0.689469	-0.606973
-0.689880	-0.605382
-0.690291	-0.603792
-0.690700	-0.602202
-0.691108	-0.600613
-0.691514	-0.599025
-0.691920	-0.597437
-0.692324	-0.595851
-0.692727	-0.594264
-0.693129	-0.592679
-0.693529	-0.591094
-0.693929	-0.589510
-0.694327	-0.587927
-0.694723	-0.586344
-0.695119	-0.584763
-0.695514	-0.583181
-0.695907	-0.581601
-0.696299	-0.580021
-0.696690	-0.578442
-0.697079	-0.576863
-0.697468	-0.575286
-0.697855	-0.573709
-0.698241	-0.572132
-0.698626	-0.570556
-0.699009	-0.568981
-0.699392	-0.567407
-0.699773	-0.565833
-0.700153	-0.564260
-0.700532	-0.562688
-0.700910	-0.561116
-0.701286	-0.559545
-0.701662	-0.557975
-0.702036	-0.556405
-0.702409	-0.554836
-0.702781	-0.553267
-0.703151	-0.551699
-0.703521	-0.550132
-0.703889	-0.548566
-0.704256	-0.547000
-0.704622	-0.545435
-0.704987	-0.543870
-0.705350	-0.542306
-0.705713	-0.540743
-0.706074	-0.539180
-0.706434	-0.537618
-0.706793	-0.536057
-0.707151	-0.534496
-0.707507	-0.532936
-0.707863	-0.531376
-0.708217	-0.529817
-0.708570	-0.528259
-0.708922	-0.526701
-0.709273	-0.525144
-0.709623	-0.523588
-0.709971	-0.522032
-0.710319	-0.520476
-0.710665	-0.518922
-0.711010	-0.517368
-0.711354	-0.515814
-0.711697	-0.514261
-0.712038	-0.512709
-0.712379	-0.511157
-0.712718	-0.509606
-0.713056	-0.508056
-0.713394	-0.506506
-0.713730	-0.504957
-0.714064	-0.503408
-0.714398	-0.501860
-0.714731	-0.500312
-0.715062	-0.498765
-0.715393	-0.497219
-0.715722	-0.495673
-0.716050	-0.494128
-0.716377	-0.492583
-0.716703	-0.491039
-0.717027	-0.489495
-0.717351	-0.487952
-0.717673	-0.486410
-0.717995	-0.484868
-0.718315	-0.483327
-0.718634	-0.481786
-0.718952	-0.480246
-0.719269	-0.478706
-0.719585	-0.477167
-0.719900	-0.475629
-0.720213	-0.474091
-0.720526	-0.472553
-0.720837	-0.471016
-0.721148	-0.469480
-0.721457	-0.467944
-0.721765	-0.466409
-0.722072	-0.464874
-0.722378	-0.463340
-0.722682	-0.461806
-0.722986	-0.460273
-0.723289	-0.458740
-0.723590	-0.457208
-0.723891	-0.455676
-0.724190	-0.454145
-0.724488	-0.452615
-0.724785	-0.451085
-0.725081	-0.449555
-0.725376	-0.448026
-0.725670	-0.446498
-0.725963	-0.444970
-0.726255	-0.443442
-0.726545	-0.441915
-0.726835	-0.440389
-0.727123	-0.438863
-0.727411	-0.437337
-0.727697	-0.435812
-0.727982	-0.434288
-0.728267	-0.432764
-0.728550	-0.431240
-0.728832	-0.429717
-0.729113	-0.428195
-0.729393	-0.426673
-0.729671	-0.425151
-0.729949	-0.423630
-0.730226	-0.422109
-0.730501	-0.420589
-0.730776	-0.419070
-0.731049	-0.417550
-0.731322	-0.416032
-0.731593	-0.414513
-0.731863	-0.412996
-0.732133	-0.411478
-0.732401	-0.409962
-0.732668	-0.408445
-0.732934	-0.406929
-0.733199	-0.405414
-0.733463	-0.403899
-0.733726	-0.402384
-0.733988	-0.400870
-0.734249	-0.399357
-0.734508	-0.397844
-0.734767	-0.396331
-0.735025	-0.394819
-0.735282	-0.393307
-0.735537	-0.391795
-0.735792	-0.390285
-0.736045	-0.388774
-0.736297	-0.387264
-0.736549	-0.385754
-0.736799	-0.384245
-0.737048	-0.382736
-0.737297	-0.381228
-0.737544	-0.379720
-0.737790	-0.378213
-0.738035	-0.376706
-0.738280	-0.375199
-0.738523	-0.373693
-0.738765	-0.372187
-0.739006	-0.370682
-0.739246	-0.369177
-0.739485	-0.367672
-0.739723	-0.366168
-0.739960	-0.364664
-0.740195	-0.363161
-0.740430	-0.361658
-0.740664	-0.360155
-0.740897	-0.358653
-0.741129	-0.357152
-0.741360	-0.355650
-0.741589	-0.354149
-0.741818	-0.352649
-0.742046	-0.351149
-0.742272	-0.349649
-0.742498	-0.348150
-0.742723	-0.346651
-0.742946	-0.345152
-0.743169	-0.343654
-0.743391	-0.342156
-0.743611	-0.340659
-0.743831	-0.339162
-0.744049	-0.337665
-0.744267	-0.336169
-0.744483	-0.334673
-0.744699	-0.333178
-0.744913	-0.331682
-0.745127	-0.330188
-0.745339	-0.328693
-0.745551	-0.327199
-0.745761	-0.325705
-0.745971	-0.324212
-0.746179	-0.322719
-0.746387	-0.321226
-0.746593	-0.319734
-0.746799	-0.318242
-0.747003	-0.316751
-0.747207	-0.315260
-0.747409	-0.313769
-0.747611	-0.312278
-0.747811	-0.310788
-0.748011	-0.309298
-0.748209	-0.307809
-0.748407	-0.306320
-0.748603	-0.304831
-0.748799	-0.303342
-0.748993	-0.301854
-0.749187	-0.300367
-0.749379	-0.298879
-0.749571	-0.297392
-0.749761	-0.295905
-0.749951	-0.294419
-0.750140	-0.292933
-0.750327	-0.291447
-0.750514	-0.289961
-0.750699	-0.288476
-0.750884	-0.286991
-0.751068	-0.285507
-0.751250	-0.284023
-0.751432	-0.282539
-0.751613	-0.281055
-0.751793	-0.279572
-0.751971	-0.278089
-0.752149	-0.276606
-0.752326	-0.275124
-0.752502	-0.273642
-0.752676	-0.272160
-0.752850	-0.270679
-0.753023	-0.269197
-0.753195	-0.267717
-0.753366	-0.266236
-0.753536	-0.264756
-0.753705	-0.263276
-0.753873	-0.261796
-0.754040	-0.260317
-0.754206	-0.258837
-0.754371	-0.257359
-0.754535	-0.255880
-0.754698	-0.254402
-0.754860	-0.252924
-0.755021	-0.251446
-0.755182	-0.249969
-0.755341	-0.248492
-0.755499	-0.247015
-0.755656	-0.245538
-0.755813	-0.244062
-0.755968	-0.242586
-0.756123	-0.241110
-0.756276	-0.239634
-0.756429	-0.238159
-0.756580	-0.236684
-0.756730	-0.235209
-0.756880	-0.233735
-0.757029	-0.232260
-0.757177	-0.230786
-0.757323	-0.229313
-0.757469	-0.227839
-0.757614	-0.226366
-0.757758	-0.224893
-0.757900	-0.223420
-0.758042	-0.221948
-0.758183	-0.220475
-0.758323	-0.219003
-0.758462	-0.217531
-0.758600	-0.216060
-0.758738	-0.214589
-0.758874	-0.213118
-0.759009	-0.211647
-0.759143	-0.210176
-0.759277	-0.208706
-0.759409	-0.207235
-0.759540	-0.205766
-0.759671	-0.204296
-0.759800	-0.202826
-0.759929	-0.201357
-0.760056	-0.199888
-0.760183	-0.198419
-0.760309	-0.196951
-0.760434	-0.195482
-0.760557	-0.194014
-0.760680	-0.192546
-0.760802	-0.191078
-0.760923	-0.189611
-0.761043	-0.188144
-0.761162	-0.186676
-0.761280	-0.185209
-0.761398	-0.183743
-0.761514	-0.182276
-0.761629	-0.180810
-0.761744	-0.179344
-0.761857	-0.177878
-0.761969	-0.176412
-0.762081	-0.174946
-0.762191	-0.173481
-0.762301	-0.172016
-0.762410	-0.170551
-0.762518	-0.169086
-0.762625	-0.167622
-0.762730	-0.166157
-0.762835	-0.164693
-0.762939	-0.163229
-0.763042	-0.161765
-0.763144	-0.160301
-0.763246	-0.158838
-0.763346	-0.157374
-0.763445	-0.155911
-0.763544	-0.154448
-0.763641	-0.152985
-0.763737	-0.151522
-0.763833	-0.150060
-0.763928	-0.148598
-0.764021	-0.147135
-0.764114	-0.145673
-0.764206	-0.144211
-0.764297	-0.142749
-0.764387	-0.141288
-0.764476	-0.139826
-0.764564	-0.138365
-0.764651	-0.136904
-0.764737	-0.135443
-0.764823	-0.133982
-0.764907	-0.132522
-0.764990	-0.131061
-0.765073	-0.129600
-0.765154	-0.128140
-0.765235	-0.126680
-0.765315	-0.125220
-0.765394	-0.123760
-0.765471	-0.122300
-0.765548	-0.120841
-0.765624	-0.119382
-0.765699	-0.117922
-0.765774	-0.116463
-0.765847	-0.115004
-0.765919	-0.113545
-0.765990	-0.112086
-0.766061	-0.110627
-0.766130	-0.109169
-0.766199	-0.107710
-0.766267	-0.106252
-0.766333	-0.104794
-0.766399	-0.103335
-0.766464	-0.101877
-0.766528	-0.100420
-0.766591	-0.098962
-0.766653	-0.097504
-0.766714	-0.096046
-0.766774	-0.094589
-0.766834	-0.093132
-0.766892	-0.091675
-0.766949	-0.090217
-0.767006	-0.088760
-0.767062	-0.087303
-0.767116	-0.085846
-0.767170	-0.084390
-0.767223	-0.082933
-0.767275	-0.081476
-0.767326	-0.080020
-0.767376	-0.078563
-0.767425	-0.077107
-0.767473	-0.075651
-0.767521	-0.074194
-0.767567	-0.072739
-0.767612	-0.071282
-0.767657	-0.069826
-0.767701	-0.068371
-0.767743	-0.066915
-0.767785	-0.065459
-0.767826	-0.064003
-0.767866	-0.062548
-0.767905	-0.061092
-0.767943	-0.059637
-0.767980	-0.058182
-0.768017	-0.056726
-0.768052	-0.055271
-0.768086	-0.053816
-0.768120	-0.052361
-0.768152	-0.050905
-0.768184	-0.049450
-0.768215	-0.047995
-0.768245	-0.046540
-0.768274	-0.045085
-0.768302	-0.043631
-0.768329	-0.042176
-0.768355	-0.040721
-0.768380	-0.039267
-0.768404	-0.037811
-0.768428	-0.036357
-0.768450	-0.034903
-0.768472	-0.033448
-0.768492	-0.031994
-0.768512	-0.030539
-0.768531	-0.029085
-0.768549	-0.027630
-0.768566	-0.026177
-0.768582	-0.024722
-0.768597	-0.023268
-0.768611	-0.021813
-0.768625	-0.020360
-0.768637	-0.018906
-0.768648	-0.017451
-0.768659	-0.015996
-0.768669	-0.014544
-0.768677	-0.013088
-0.768685	-0.011635
-0.768692	-0.010182
-0.768698	-0.008727
-0.768703	-0.007273
-0.768707	-0.005820
-0.768710	-0.004366
-0.768713	-0.002903
-0.768714	-0.001466
-0.768714	-0.000200
